date,net_value,cumulative_net_value,daily_growth_rate,purchase_status,redemption_status,dividend
2025-12-18,1.1788,1.1788,-0.010700000000000001,场内买入,场内卖出,
2025-12-17,1.1915,1.1915,0.0241,场内买入,场内卖出,
2025-12-16,1.1635,1.1635,-0.0161,场内买入,场内卖出,
2025-12-15,1.1825,1.1825,-0.0226,场内买入,场内卖出,
2025-12-12,1.2099,1.2099,0.0129,场内买入,场内卖出,
2025-12-11,1.1945,1.1945,-0.0259,场内买入,场内卖出,
2025-12-10,1.2262,1.2262,0.0048,场内买入,场内卖出,
2025-12-09,1.2204,1.2204,0.0069,场内买入,场内卖出,
2025-12-08,1.212,1.212,0.020499999999999997,场内买入,场内卖出,
2025-12-05,1.1877,1.1877,0.0,场内买入,场内卖出,
2025-12-04,1.1877,1.1877,0.008100000000000001,场内买入,场内卖出,
2025-12-03,1.1782,1.1782,-0.0174,场内买入,场内卖出,
2025-12-02,1.1991,1.1991,-0.0026,场内买入,场内卖出,
2025-12-01,1.2022,1.2022,0.0294,场内买入,场内卖出,
2025-11-28,1.1679,1.1679,0.0042,场内买入,场内卖出,
2025-11-27,1.163,1.163,-0.005,场内买入,场内卖出,
2025-11-26,1.1689,1.1689,0.0331,场内买入,场内卖出,
2025-11-25,1.1314,1.1314,0.0252,场内买入,场内卖出,
2025-11-24,1.1036,1.1036,0.004,场内买入,场内卖出,
2025-11-21,1.0992,1.0992,-0.0356,场内买入,场内卖出,
2025-11-20,1.1398,1.1398,-0.0076,场内买入,场内卖出,
2025-11-19,1.1485,1.1485,-0.0006,场内买入,场内卖出,
2025-11-18,1.1492,1.1492,-0.0053,场内买入,场内卖出,
2025-11-17,1.1553,1.1553,0.0059,场内买入,场内卖出,
2025-11-14,1.1485,1.1485,-0.0264,场内买入,场内卖出,
2025-11-13,1.1797,1.1797,0.0085,场内买入,场内卖出,
2025-11-12,1.1697,1.1697,0.0025,场内买入,场内卖出,
2025-11-11,1.1668,1.1668,-0.0209,场内买入,场内卖出,
2025-11-10,1.1917,1.1917,-0.004,场内买入,场内卖出,
2025-11-07,1.1965,1.1965,-0.0172,场内买入,场内卖出,
2025-11-06,1.2175,1.2175,0.0215,场内买入,场内卖出,
2025-11-05,1.1919,1.1919,-0.005,场内买入,场内卖出,
2025-11-04,1.1979,1.1979,-0.020499999999999997,场内买入,场内卖出,
2025-11-03,1.223,1.223,0.0009,场内买入,场内卖出,
2025-10-31,1.2219,1.2219,-0.0255,场内买入,场内卖出,
2025-10-30,1.2539,1.2539,-0.0169,场内买入,场内卖出,
2025-10-29,1.2754,1.2754,0.0062,场内买入,场内卖出,
2025-10-28,1.2676,1.2676,-0.0031,场内买入,场内卖出,
2025-10-27,1.2715,1.2715,0.0233,场内买入,场内卖出,
2025-10-24,1.2425,1.2425,0.041100000000000005,场内买入,场内卖出,
2025-10-23,1.1935,1.1935,-0.0073,场内买入,场内卖出,
2025-10-22,1.2023,1.2023,-0.006500000000000001,场内买入,场内卖出,
2025-10-21,1.2102,1.2102,0.038599999999999995,场内买入,场内卖出,
2025-10-20,1.1652,1.1652,0.019299999999999998,场内买入,场内卖出,
2025-10-17,1.1431,1.1431,-0.0375,场内买入,场内卖出,
2025-10-16,1.1876,1.1876,0.005699999999999999,场内买入,场内卖出,
2025-10-15,1.1809,1.1809,0.0212,场内买入,场内卖出,
2025-10-14,1.1564,1.1564,-0.045,场内买入,场内卖出,
2025-10-13,1.2109,1.2109,-0.0158,场内买入,场内卖出,
2025-10-10,1.2304,1.2304,-0.0394,场内买入,场内卖出,
2025-10-09,1.2808,1.2808,0.0281,场内买入,场内卖出,
2025-09-30,1.2458,1.2458,0.0087,场内买入,场内卖出,
2025-09-29,1.235,1.235,0.0103,场内买入,场内卖出,
2025-09-26,1.2224,1.2224,-0.031,场内买入,场内卖出,
2025-09-25,1.2615,1.2615,0.0096,场内买入,场内卖出,
2025-09-24,1.2495,1.2495,0.024399999999999998,场内买入,场内卖出,
2025-09-23,1.2197,1.2197,0.0038,场内买入,场内卖出,
2025-09-22,1.2151,1.2151,0.0264,场内买入,场内卖出,
2025-09-19,1.1839,1.1839,0.0036,场内买入,场内卖出,
2025-09-18,1.1796,1.1796,0.0038,场内买入,场内卖出,
2025-09-17,1.1751,1.1751,0.0023,场内买入,场内卖出,
2025-09-16,1.1724,1.1724,0.0092,场内买入,场内卖出,
2025-09-15,1.1617,1.1617,-0.0027,场内买入,场内卖出,
2025-09-12,1.1649,1.1649,0.003,场内买入,场内卖出,
2025-09-11,1.1614,1.1614,0.0575,场内买入,场内卖出,
2025-09-10,1.0983,1.0983,0.0128,场内买入,场内卖出,
2025-09-09,1.0844,1.0844,-0.0259,场内买入,场内卖出,
2025-09-08,1.1132,1.1132,0.0098,场内买入,场内卖出,
2025-09-05,1.1024,1.1024,0.0407,场内买入,场内卖出,
2025-09-04,1.0593,1.0593,-0.049400000000000006,场内买入,场内卖出,
2025-09-03,1.1143,1.1143,0.0007000000000000001,场内买入,场内卖出,
2025-09-02,1.1135,1.1135,-0.0345,场内买入,场内卖出,
2025-09-01,1.1533,1.1533,0.026600000000000002,场内买入,场内卖出,
2025-08-29,1.1234,1.1234,-0.0043,场内买入,场内卖出,
2025-08-28,1.1283,1.1283,0.0379,场内买入,场内卖出,
2025-08-27,1.0871,1.0871,0.0045000000000000005,场内买入,场内卖出,
2025-08-26,1.0822,1.0822,0.0067,场内买入,场内卖出,
2025-08-25,1.075,1.075,0.0239,场内买入,场内卖出,
2025-08-22,1.0499,1.0499,0.037599999999999995,场内买入,场内卖出,
2025-08-21,1.0119,1.0119,0.005699999999999999,场内买入,场内卖出,
2025-08-20,1.0062,1.0062,0.0197,场内买入,场内卖出,
2025-08-19,0.9868,0.9868,0.0068000000000000005,场内买入,场内卖出,
2025-08-18,0.9801,0.9801,0.032400000000000005,场内买入,场内卖出,
2025-08-15,0.9493,0.9493,0.0092,场内买入,场内卖出,
2025-08-14,0.9406,0.9406,-0.009399999999999999,场内买入,场内卖出,
2025-08-13,0.9495,0.9495,0.019299999999999998,场内买入,场内卖出,
2025-08-12,0.9315,0.9315,0.0127,场内买入,场内卖出,
2025-08-11,0.9198,0.9198,0.0161,场内买入,场内卖出,
2025-08-08,0.9052,0.9052,-0.0127,场内买入,场内卖出,
2025-08-07,0.9168,0.9168,-0.0019,场内买入,场内卖出,
2025-08-06,0.9185,0.9185,0.0053,场内买入,场内卖出,
2025-08-05,0.9137,0.9137,0.005699999999999999,场内买入,场内卖出,
2025-08-04,0.9085,0.9085,0.0058,场内买入,场内卖出,
2025-08-01,0.9033,0.9033,-0.0037,场内买入,场内卖出,
2025-07-31,0.9067,0.9067,-0.0102,场内买入,场内卖出,
2025-07-30,0.916,0.916,-0.0055000000000000005,场内买入,场内卖出,
2025-07-29,0.9211,0.9211,0.012199999999999999,场内买入,场内卖出,
2025-07-28,0.91,0.91,0.0004,场内买入,场内卖出,
2025-07-25,0.9096,0.9096,0.0064,场内买入,场内卖出,
2025-07-24,0.9038,0.9038,0.0088,场内买入,场内卖出,
2025-07-23,0.8959,0.8959,0.0007000000000000001,场内买入,场内卖出,
2025-07-22,0.8953,0.8953,-0.0012,场内买入,场内卖出,
2025-07-21,0.8964,0.8964,0.0064,场内买入,场内卖出,
2025-07-18,0.8907,0.8907,-0.001,场内买入,场内卖出,
2025-07-17,0.8916,0.8916,0.0191,场内买入,场内卖出,
2025-07-16,0.8749,0.8749,-0.0024,场内买入,场内卖出,
2025-07-15,0.877,0.877,0.0176,场内买入,场内卖出,
2025-07-14,0.8618,0.8618,-0.0005,场内买入,场内卖出,
2025-07-11,0.8622,0.8622,0.0058,场内买入,场内卖出,
2025-07-10,0.8572,0.8572,0.0014000000000000002,场内买入,场内卖出,
2025-07-09,0.856,0.856,-0.005600000000000001,场内买入,场内卖出,
2025-07-08,0.8608,0.8608,0.0168,场内买入,场内卖出,
2025-07-07,0.8466,0.8466,-0.011200000000000002,场内买入,场内卖出,
2025-07-04,0.8562,0.8562,-0.008199999999999999,场内买入,场内卖出,
2025-07-03,0.8633,0.8633,0.011399999999999999,场内买入,场内卖出,
2025-07-02,0.8536,0.8536,-0.016399999999999998,场内买入,场内卖出,
2025-07-01,0.8678,0.8678,-0.0022,场内买入,场内卖出,
2025-06-30,0.8697,0.8697,0.0139,场内买入,场内卖出,
2025-06-27,0.8578,0.8578,0.0118,场内买入,场内卖出,
2025-06-26,0.8478,0.8478,-0.008,场内买入,场内卖出,
2025-06-25,0.8546,0.8546,0.0151,场内买入,场内卖出,
2025-06-24,0.8419,0.8419,0.0179,场内买入,场内卖出,
2025-06-23,0.8271,0.8271,0.0018,场内买入,场内卖出,
2025-06-20,0.8256,0.8256,-0.006500000000000001,场内买入,场内卖出,
2025-06-19,0.831,0.831,-0.006999999999999999,场内买入,场内卖出,
2025-06-18,0.8369,0.8369,0.0073,场内买入,场内卖出,
2025-06-17,0.8308,0.8308,0.0027,场内买入,场内卖出,
2025-06-16,0.8286,0.8286,0.005699999999999999,场内买入,场内卖出,
2025-06-13,0.8239,0.8239,-0.0091,场内买入,场内卖出,
2025-06-12,0.8315,0.8315,-0.0014000000000000002,场内买入,场内卖出,
2025-06-11,0.8327,0.8327,0.0040999999999999995,场内买入,场内卖出,
2025-06-10,0.8293,0.8293,-0.0161,场内买入,场内卖出,
2025-06-09,0.8429,0.8429,0.0052,场内买入,场内卖出,
2025-06-06,0.8385,0.8385,-0.0006,场内买入,场内卖出,
2025-06-05,0.839,0.839,0.0183,场内买入,场内卖出,
2025-06-04,0.8239,0.8239,0.0088,场内买入,场内卖出,
2025-06-03,0.8167,0.8167,-0.0024,场内买入,场内卖出,
2025-05-30,0.8187,0.8187,-0.015300000000000001,场内买入,场内卖出,
2025-05-29,0.8314,0.8314,0.02,场内买入,场内卖出,
2025-05-28,0.8151,0.8151,-0.0004,场内买入,场内卖出,
2025-05-27,0.8154,0.8154,-0.011399999999999999,场内买入,场内卖出,
2025-05-26,0.8248,0.8248,0.0044,场内买入,场内卖出,
2025-05-23,0.8212,0.8212,-0.0176,场内买入,场内卖出,
2025-05-22,0.8359,0.8359,-0.0048,场内买入,场内卖出,
2025-05-21,0.8399,0.8399,-0.006500000000000001,场内买入,场内卖出,
2025-05-20,0.8454,0.8454,0.0092,场内买入,场内卖出,
2025-05-19,0.8377,0.8377,-0.0007000000000000001,场内买入,场内卖出,
2025-05-16,0.8383,0.8383,0.0022,场内买入,场内卖出,
2025-05-15,0.8365,0.8365,-0.021,场内买入,场内卖出,
2025-05-14,0.8544,0.8544,0.0016,场内买入,场内卖出,
2025-05-13,0.853,0.853,-0.0078000000000000005,场内买入,场内卖出,
2025-05-12,0.8597,0.8597,0.0209,场内买入,场内卖出,
2025-05-09,0.8421,0.8421,-0.0147,场内买入,场内卖出,
2025-05-08,0.8547,0.8547,0.0118,场内买入,场内卖出,
2025-05-07,0.8447,0.8447,-0.0060999999999999995,场内买入,场内卖出,
2025-05-06,0.8499,0.8499,0.0208,场内买入,场内卖出,
2025-04-30,0.8326,0.8326,0.0166,场内买入,场内卖出,
2025-04-29,0.819,0.819,0.0129,场内买入,场内卖出,
2025-04-28,0.8086,0.8086,-0.0049,场内买入,场内卖出,
2025-04-25,0.8126,0.8126,0.0048,场内买入,场内卖出,
2025-04-24,0.8087,0.8087,-0.0137,场内买入,场内卖出,
2025-04-23,0.8199,0.8199,0.011699999999999999,场内买入,场内卖出,
2025-04-22,0.8104,0.8104,-0.0101,场内买入,场内卖出,
2025-04-21,0.8187,0.8187,0.0137,场内买入,场内卖出,
2025-04-18,0.8076,0.8076,0.0022,场内买入,场内卖出,
2025-04-17,0.8058,0.8058,-0.0002,场内买入,场内卖出,
2025-04-16,0.806,0.806,-0.0067,场内买入,场内卖出,
2025-04-15,0.8114,0.8114,-0.0108,场内买入,场内卖出,
2025-04-14,0.8203,0.8203,0.0015,场内买入,场内卖出,
2025-04-11,0.8191,0.8191,0.0263,场内买入,场内卖出,
2025-04-10,0.7981,0.7981,0.0301,场内买入,场内卖出,
2025-04-09,0.7748,0.7748,0.020499999999999997,场内买入,场内卖出,
2025-04-08,0.7592,0.7592,-0.0139,场内买入,场内卖出,
2025-04-07,0.7699,0.7699,-0.1039,场内买入,场内卖出,
2025-04-03,0.8592,0.8592,-0.025699999999999997,场内买入,场内卖出,
2025-04-02,0.8819,0.8819,0.0017000000000000001,场内买入,场内卖出,
2025-04-01,0.8804,0.8804,-0.0052,场内买入,场内卖出,
2025-03-31,0.885,0.885,-0.0002,场内买入,场内卖出,
2025-03-28,0.8852,0.8852,-0.0053,场内买入,场内卖出,
2025-03-27,0.8899,0.8899,0.0028000000000000004,场内买入,场内卖出,
2025-03-26,0.8874,0.8874,-0.0005,场内买入,场内卖出,
2025-03-25,0.8878,0.8878,-0.0128,场内买入,场内卖出,
2025-03-24,0.8993,0.8993,0.0058,场内买入,场内卖出,
2025-03-21,0.8941,0.8941,-0.024300000000000002,场内买入,场内卖出,
2025-03-20,0.9164,0.9164,-0.0115,场内买入,场内卖出,
2025-03-19,0.9271,0.9271,-0.005,场内买入,场内卖出,
2025-03-18,0.9318,0.9318,0.01,场内买入,场内卖出,
2025-03-17,0.9226,0.9226,-0.0023,场内买入,场内卖出,
2025-03-14,0.9247,0.9247,0.018799999999999997,场内买入,场内卖出,
2025-03-13,0.9076,0.9076,-0.0219,场内买入,场内卖出,
2025-03-12,0.9279,0.9279,0.0002,场内买入,场内卖出,
2025-03-11,0.9277,0.9277,-0.004699999999999999,场内买入,场内卖出,
2025-03-10,0.9321,0.9321,-0.0037,场内买入,场内卖出,
2025-03-07,0.9356,0.9356,-0.0118,场内买入,场内卖出,
2025-03-06,0.9468,0.9468,0.0169,场内买入,场内卖出,
2025-03-05,0.9311,0.9311,0.0067,场内买入,场内卖出,
2025-03-04,0.9249,0.9249,0.0176,场内买入,场内卖出,
2025-03-03,0.9089,0.9089,-0.0083,场内买入,场内卖出,
2025-02-28,0.9165,0.9165,-0.0426,场内买入,场内卖出,
2025-02-27,0.9573,0.9573,-0.0102,场内买入,场内卖出,
2025-02-26,0.9672,0.9672,0.0069,场内买入,场内卖出,
2025-02-25,0.9606,0.9606,-0.0052,场内买入,场内卖出,
2025-02-24,0.9656,0.9656,-0.0022,场内买入,场内卖出,
2025-02-21,0.9677,0.9677,0.0322,场内买入,场内卖出,
2025-02-20,0.9375,0.9375,0.0029,场内买入,场内卖出,
2025-02-19,0.9348,0.9348,0.0332,场内买入,场内卖出,
2025-02-18,0.9048,0.9048,-0.0199,场内买入,场内卖出,
2025-02-17,0.9232,0.9232,0.0062,场内买入,场内卖出,
2025-02-14,0.9175,0.9175,0.009899999999999999,场内买入,场内卖出,
2025-02-13,0.9085,0.9085,-0.0265,场内买入,场内卖出,
2025-02-12,0.9332,0.9332,0.023799999999999998,场内买入,场内卖出,
2025-02-11,0.9115,0.9115,-0.0053,场内买入,场内卖出,
2025-02-10,0.9164,0.9164,0.0038,场内买入,场内卖出,
2025-02-07,0.9129,0.9129,0.011000000000000001,场内买入,场内卖出,
2025-02-06,0.903,0.903,0.0379,场内买入,场内卖出,
2025-02-05,0.87,0.87,0.0155,场内买入,场内卖出,
2025-01-27,0.8567,0.8567,-0.025099999999999997,场内买入,场内卖出,
2025-01-24,0.8788,0.8788,0.0217,场内买入,场内卖出,
2025-01-23,0.8601,0.8601,-0.011699999999999999,场内买入,场内卖出,
2025-01-22,0.8703,0.8703,-0.0005,场内买入,场内卖出,
2025-01-21,0.8707,0.8707,0.0197,场内买入,场内卖出,
2025-01-20,0.8539,0.8539,0.0038,场内买入,场内卖出,
2025-01-17,0.8507,0.8507,0.0123,场内买入,场内卖出,
2025-01-16,0.8404,0.8404,0.0036,场内买入,场内卖出,
2025-01-15,0.8374,0.8374,-0.0113,场内买入,场内卖出,
2025-01-14,0.847,0.847,0.0449,场内买入,场内卖出,
2025-01-13,0.8106,0.8106,-0.0088,场内买入,场内卖出,
2025-01-10,0.8178,0.8178,-0.0177,场内买入,场内卖出,
2025-01-09,0.8325,0.8325,0.0111,场内买入,场内卖出,
2025-01-08,0.8234,0.8234,-0.0045000000000000005,场内买入,场内卖出,
2025-01-07,0.8271,0.8271,0.0254,场内买入,场内卖出,
2025-01-06,0.8066,0.8066,-0.0067,场内买入,场内卖出,
2025-01-03,0.812,0.812,-0.0209,场内买入,场内卖出,
2025-01-02,0.8293,0.8293,-0.0385,场内买入,场内卖出,
2024-12-31,0.8625,0.8625,-0.032,场内买入,场内卖出,
2024-12-30,0.891,0.891,0.0019,场内买入,场内卖出,
2024-12-27,0.8893,0.8893,-0.014199999999999999,场内买入,场内卖出,
2024-12-26,0.9021,0.9021,0.030600000000000002,场内买入,场内卖出,
2024-12-25,0.8753,0.8753,-0.0039000000000000003,场内买入,场内卖出,
2024-12-24,0.8787,0.8787,0.011000000000000001,场内买入,场内卖出,
2024-12-23,0.8691,0.8691,-0.0183,场内买入,场内卖出,
2024-12-20,0.8853,0.8853,0.0043,场内买入,场内卖出,
2024-12-19,0.8815,0.8815,0.0264,场内买入,场内卖出,
2024-12-18,0.8588,0.8588,0.0177,场内买入,场内卖出,
2024-12-17,0.8439,0.8439,-0.0005,场内买入,场内卖出,
2024-12-16,0.8443,0.8443,-0.0131,场内买入,场内卖出,
2024-12-13,0.8555,0.8555,-0.015600000000000001,场内买入,场内卖出,
2024-12-12,0.8691,0.8691,0.001,场内买入,场内卖出,
2024-12-11,0.8682,0.8682,0.0088,场内买入,场内卖出,
2024-12-10,0.8606,0.8606,0.0109,场内买入,场内卖出,
2024-12-09,0.8513,0.8513,-0.0068000000000000005,场内买入,场内卖出,
2024-12-06,0.8571,0.8571,0.0159,场内买入,场内卖出,
2024-12-05,0.8437,0.8437,0.0017000000000000001,场内买入,场内卖出,
2024-12-04,0.8423,0.8423,-0.0052,场内买入,场内卖出,
2024-12-03,0.8467,0.8467,-0.0098,场内买入,场内卖出,
2024-12-02,0.8551,0.8551,0.019299999999999998,场内买入,场内卖出,
2024-11-29,0.8389,0.8389,0.0183,场内买入,场内卖出,
2024-11-28,0.8238,0.8238,-0.0131,场内买入,场内卖出,
2024-11-27,0.8347,0.8347,0.027999999999999997,场内买入,场内卖出,
2024-11-26,0.812,0.812,-0.0062,场内买入,场内卖出,
2024-11-25,0.8171,0.8171,-0.015700000000000002,场内买入,场内卖出,
2024-11-22,0.8301,0.8301,-0.035699999999999996,场内买入,场内卖出,
2024-11-21,0.8608,0.8608,-0.0017000000000000001,场内买入,场内卖出,
2024-11-20,0.8623,0.8623,0.0067,场内买入,场内卖出,
2024-11-19,0.8566,0.8566,0.019799999999999998,场内买入,场内卖出,
2024-11-18,0.84,0.84,-0.0351,场内买入,场内卖出,
2024-11-15,0.8706,0.8706,-0.0252,场内买入,场内卖出,
2024-11-14,0.8931,0.8931,-0.035,场内买入,场内卖出,
2024-11-13,0.9255,0.9255,0.0052,场内买入,场内卖出,
2024-11-12,0.9207,0.9207,-0.0062,场内买入,场内卖出,
2024-11-11,0.9264,0.9264,0.0404,场内买入,场内卖出,
2024-11-08,0.8904,0.8904,0.0043,场内买入,场内卖出,
2024-11-07,0.8866,0.8866,0.0115,场内买入,场内卖出,
2024-11-06,0.8765,0.8765,-0.0060999999999999995,场内买入,场内卖出,
2024-11-05,0.8819,0.8819,0.03,场内买入,场内卖出,
2024-11-04,0.8562,0.8562,0.024700000000000003,场内买入,场内卖出,
2024-11-01,0.8356,0.8356,-0.0276,场内买入,场内卖出,
2024-10-31,0.8593,0.8593,0.0079,场内买入,场内卖出,
2024-10-30,0.8526,0.8526,-0.0068000000000000005,场内买入,场内卖出,
2024-10-29,0.8584,0.8584,-0.005699999999999999,场内买入,场内卖出,
2024-10-28,0.8633,0.8633,-0.0038,场内买入,场内卖出,
2024-10-25,0.8666,0.8666,0.0053,场内买入,场内卖出,
2024-10-24,0.862,0.862,-0.0068000000000000005,场内买入,场内卖出,
2024-10-23,0.8679,0.8679,-0.0149,场内买入,场内卖出,
2024-10-22,0.881,0.881,-0.0015,场内买入,场内卖出,
2024-10-21,0.8823,0.8823,0.0206,场内买入,场内卖出,
2024-10-18,0.8645,0.8645,0.0683,场内买入,场内卖出,
2024-10-17,0.8092,0.8092,-0.0006,场内买入,场内卖出,
2024-10-16,0.8097,0.8097,-0.0233,场内买入,场内卖出,
2024-10-15,0.829,0.829,-0.02,场内买入,场内卖出,
2024-10-14,0.8459,0.8459,0.0268,场内买入,场内卖出,
2024-10-11,0.8238,0.8238,-0.0479,场内买入,场内卖出,
2024-10-10,0.8652,0.8652,-0.0187,场内买入,场内卖出,
2024-10-09,0.8817,0.8817,-0.0509,场内买入,场内卖出,
2024-10-08,0.929,0.929,0.11599999999999999,场内买入,场内卖出,
2024-09-30,0.8324,0.8324,0.11,场内买入,场内卖出,
2024-09-27,0.7499,0.7499,0.057699999999999994,场内买入,场内卖出,
2024-09-26,0.709,0.709,0.0385,场内买入,场内卖出,
2024-09-25,0.6827,0.6827,0.0098,场内买入,场内卖出,
2024-09-24,0.6761,0.6761,0.0429,场内买入,场内卖出,
2024-09-23,0.6483,0.6483,0.0026,场内买入,场内卖出,
2024-09-20,0.6466,0.6466,0.0028000000000000004,场内买入,场内卖出,
2024-09-19,0.6448,0.6448,0.0092,场内买入,场内卖出,
2024-09-18,0.6389,0.6389,-0.0037,场内买入,场内卖出,
2024-09-13,0.6413,0.6413,0.0014000000000000002,场内买入,场内卖出,
2024-09-12,0.6404,0.6404,-0.0031,场内买入,场内卖出,
2024-09-11,0.6424,0.6424,-0.0025,场内买入,场内卖出,
2024-09-10,0.644,0.644,0.0118,场内买入,场内卖出,
2024-09-09,0.6365,0.6365,-0.0075,场内买入,场内卖出,
2024-09-06,0.6413,0.6413,-0.0178,场内买入,场内卖出,
2024-09-05,0.6529,0.6529,0.0011,场内买入,场内卖出,
2024-09-04,0.6522,0.6522,-0.0096,场内买入,场内卖出,
2024-09-03,0.6585,0.6585,0.011699999999999999,场内买入,场内卖出,
2024-09-02,0.6509,0.6509,-0.029500000000000002,场内买入,场内卖出,
2024-08-30,0.6707,0.6707,0.030299999999999997,场内买入,场内卖出,
2024-08-29,0.651,0.651,0.005600000000000001,场内买入,场内卖出,
2024-08-28,0.6474,0.6474,0.0012,场内买入,场内卖出,
2024-08-27,0.6466,0.6466,-0.0178,场内买入,场内卖出,
2024-08-26,0.6583,0.6583,-0.0040999999999999995,场内买入,场内卖出,
2024-08-23,0.661,0.661,0.0052,场内买入,场内卖出,
2024-08-22,0.6576,0.6576,-0.011000000000000001,场内买入,场内卖出,
2024-08-21,0.6649,0.6649,-0.0024,场内买入,场内卖出,
2024-08-20,0.6665,0.6665,-0.009399999999999999,场内买入,场内卖出,
2024-08-19,0.6728,0.6728,-0.0015,场内买入,场内卖出,
2024-08-16,0.6738,0.6738,0.0004,场内买入,场内卖出,
2024-08-15,0.6735,0.6735,0.005699999999999999,场内买入,场内卖出,
2024-08-14,0.6697,0.6697,-0.0092,场内买入,场内卖出,
2024-08-13,0.6759,0.6759,0.0079,场内买入,场内卖出,
2024-08-12,0.6706,0.6706,-0.0059,场内买入,场内卖出,
2024-08-09,0.6746,0.6746,0.0001,场内买入,场内卖出,
2024-08-08,0.6745,0.6745,-0.0016,场内买入,场内卖出,
2024-08-07,0.6756,0.6756,-0.0044,场内买入,场内卖出,
2024-08-06,0.6786,0.6786,0.0064,场内买入,场内卖出,
2024-08-05,0.6743,0.6743,-0.0421,场内买入,场内卖出,
2024-08-02,0.7039,0.7039,-0.0252,场内买入,场内卖出,
2024-08-01,0.7221,0.7221,-0.003,场内买入,场内卖出,
2024-07-31,0.7243,0.7243,0.029300000000000003,场内买入,场内卖出,
2024-07-30,0.7037,0.7037,-0.0031,场内买入,场内卖出,
2024-07-29,0.7059,0.7059,-0.0059,场内买入,场内卖出,
2024-07-26,0.7101,0.7101,0.0173,场内买入,场内卖出,
2024-07-25,0.698,0.698,-0.0141,场内买入,场内卖出,
2024-07-24,0.708,0.708,-0.015600000000000001,场内买入,场内卖出,
2024-07-23,0.7192,0.7192,-0.035,场内买入,场内卖出,
2024-07-22,0.7453,0.7453,-0.0021,场内买入,场内卖出,
2024-07-19,0.7469,0.7469,0.008,场内买入,场内卖出,
2024-07-18,0.741,0.741,-0.0067,场内买入,场内卖出,
2024-07-17,0.746,0.746,-0.016399999999999998,场内买入,场内卖出,
2024-07-16,0.7584,0.7584,0.0239,场内买入,场内卖出,
2024-07-15,0.7407,0.7407,-0.0044,场内买入,场内卖出,
2024-07-12,0.744,0.744,-0.0079,场内买入,场内卖出,
2024-07-11,0.7499,0.7499,0.011200000000000002,场内买入,场内卖出,
2024-07-10,0.7416,0.7416,0.0042,场内买入,场内卖出,
2024-07-09,0.7385,0.7385,0.0393,场内买入,场内卖出,
2024-07-08,0.7106,0.7106,-0.005699999999999999,场内买入,场内卖出,
2024-07-05,0.7147,0.7147,-0.0018,场内买入,场内卖出,
2024-07-04,0.716,0.716,-0.0078000000000000005,场内买入,场内卖出,
2024-07-03,0.7216,0.7216,-0.0022,场内买入,场内卖出,
2024-07-02,0.7232,0.7232,-0.0123,场内买入,场内卖出,
2024-07-01,0.7322,0.7322,0.0001,场内买入,场内卖出,
2024-06-30,0.7321,0.7321,0.0,场内买入,场内卖出,
2024-06-28,0.7321,0.7321,0.0115,场内买入,场内卖出,
2024-06-27,0.7238,0.7238,-0.0138,场内买入,场内卖出,
2024-06-26,0.7339,0.7339,0.024300000000000002,场内买入,场内卖出,
2024-06-25,0.7165,0.7165,-0.022400000000000003,场内买入,场内卖出,
2024-06-24,0.7329,0.7329,-0.018500000000000003,场内买入,场内卖出,
2024-06-21,0.7467,0.7467,0.0034999999999999996,场内买入,场内卖出,
2024-06-20,0.7441,0.7441,-0.0151,场内买入,场内卖出,
2024-06-19,0.7555,0.7555,-0.0084,场内买入,场内卖出,
2024-06-18,0.7619,0.7619,0.0106,场内买入,场内卖出,
2024-06-17,0.7539,0.7539,0.0169,场内买入,场内卖出,
2024-06-14,0.7414,0.7414,0.0167,场内买入,场内卖出,
2024-06-13,0.7292,0.7292,0.0045000000000000005,场内买入,场内卖出,
2024-06-12,0.7259,0.7259,0.0051,场内买入,场内卖出,
2024-06-11,0.7222,0.7222,0.0123,场内买入,场内卖出,
2024-06-07,0.7134,0.7134,-0.014199999999999999,场内买入,场内卖出,
2024-06-06,0.7237,0.7237,0.0043,场内买入,场内卖出,
2024-06-05,0.7206,0.7206,-0.0003,场内买入,场内卖出,
2024-06-04,0.7208,0.7208,0.0007000000000000001,场内买入,场内卖出,
2024-06-03,0.7203,0.7203,0.012199999999999999,场内买入,场内卖出,
2024-05-31,0.7116,0.7116,-0.0018,场内买入,场内卖出,
2024-05-30,0.7129,0.7129,0.0126,场内买入,场内卖出,
2024-05-29,0.704,0.704,-0.0017000000000000001,场内买入,场内卖出,
2024-05-28,0.7052,0.7052,-0.013300000000000001,场内买入,场内卖出,
2024-05-27,0.7147,0.7147,0.0165,场内买入,场内卖出,
2024-05-24,0.7031,0.7031,-0.0192,场内买入,场内卖出,
2024-05-23,0.7169,0.7169,-0.011200000000000002,场内买入,场内卖出,
2024-05-22,0.725,0.725,0.0033,场内买入,场内卖出,
2024-05-21,0.7226,0.7226,-0.0043,场内买入,场内卖出,
2024-05-20,0.7257,0.7257,-0.0012,场内买入,场内卖出,
2024-05-17,0.7266,0.7266,0.0040999999999999995,场内买入,场内卖出,
2024-05-16,0.7236,0.7236,0.0037,场内买入,场内卖出,
2024-05-15,0.7209,0.7209,-0.008100000000000001,场内买入,场内卖出,
2024-05-14,0.7268,0.7268,-0.0025,场内买入,场内卖出,
2024-05-13,0.7286,0.7286,0.0034000000000000002,场内买入,场内卖出,
2024-05-10,0.7261,0.7261,-0.0086,场内买入,场内卖出,
2024-05-09,0.7324,0.7324,0.0116,场内买入,场内卖出,
2024-05-08,0.724,0.724,-0.018600000000000002,场内买入,场内卖出,
2024-05-07,0.7377,0.7377,-0.0039000000000000003,场内买入,场内卖出,
2024-05-06,0.7406,0.7406,0.0218,场内买入,场内卖出,
2024-04-30,0.7248,0.7248,-0.0045000000000000005,场内买入,场内卖出,
2024-04-29,0.7281,0.7281,0.023,场内买入,场内卖出,
2024-04-26,0.7117,0.7117,0.0274,场内买入,场内卖出,
2024-04-25,0.6927,0.6927,-0.0037,场内买入,场内卖出,
2024-04-24,0.6953,0.6953,0.0147,场内买入,场内卖出,
2024-04-23,0.6852,0.6852,-0.0097,场内买入,场内卖出,
2024-04-22,0.6919,0.6919,-0.0033,场内买入,场内卖出,
2024-04-19,0.6942,0.6942,-0.0167,场内买入,场内卖出,
2024-04-18,0.706,0.706,-0.0034999999999999996,场内买入,场内卖出,
2024-04-17,0.7085,0.7085,0.0355,场内买入,场内卖出,
2024-04-16,0.6842,0.6842,-0.018600000000000002,场内买入,场内卖出,
2024-04-15,0.6972,0.6972,0.0104,场内买入,场内卖出,
2024-04-12,0.69,0.69,0.0044,场内买入,场内卖出,
2024-04-11,0.687,0.687,0.0037,场内买入,场内卖出,
2024-04-10,0.6845,0.6845,-0.021,场内买入,场内卖出,
2024-04-09,0.6992,0.6992,0.0037,场内买入,场内卖出,
2024-04-08,0.6966,0.6966,-0.0171,场内买入,场内卖出,
2024-04-03,0.7087,0.7087,-0.0089,场内买入,场内卖出,
2024-04-02,0.7151,0.7151,-0.0137,场内买入,场内卖出,
2024-04-01,0.725,0.725,0.018000000000000002,场内买入,场内卖出,
2024-03-29,0.7122,0.7122,0.0058,场内买入,场内卖出,
2024-03-28,0.7081,0.7081,0.0259,场内买入,场内卖出,
2024-03-27,0.6902,0.6902,-0.0313,场内买入,场内卖出,
2024-03-26,0.7125,0.7125,-0.0072,场内买入,场内卖出,
2024-03-25,0.7177,0.7177,-0.0227,场内买入,场内卖出,
2024-03-22,0.7344,0.7344,-0.0027,场内买入,场内卖出,
2024-03-21,0.7364,0.7364,-0.0095,场内买入,场内卖出,
2024-03-20,0.7435,0.7435,-0.0001,场内买入,场内卖出,
2024-03-19,0.7436,0.7436,-0.0036,场内买入,场内卖出,
2024-03-18,0.7463,0.7463,0.0147,场内买入,场内卖出,
2024-03-15,0.7355,0.7355,0.0059,场内买入,场内卖出,
2024-03-14,0.7312,0.7312,-0.012199999999999999,场内买入,场内卖出,
2024-03-13,0.7402,0.7402,-0.0034000000000000002,场内买入,场内卖出,
2024-03-12,0.7427,0.7427,-0.0034000000000000002,场内买入,场内卖出,
2024-03-11,0.7452,0.7452,0.0046,场内买入,场内卖出,
2024-03-08,0.7418,0.7418,0.020099999999999996,场内买入,场内卖出,
2024-03-07,0.7272,0.7272,-0.0173,场内买入,场内卖出,
2024-03-06,0.74,0.74,-0.0064,场内买入,场内卖出,
2024-03-05,0.7448,0.7448,0.0,场内买入,场内卖出,
2024-03-04,0.7448,0.7448,0.0034999999999999996,场内买入,场内卖出,
2024-03-01,0.7422,0.7422,0.0281,场内买入,场内卖出,
2024-02-29,0.7219,0.7219,0.0444,场内买入,场内卖出,
2024-02-28,0.6912,0.6912,-0.0365,场内买入,场内卖出,
2024-02-27,0.7174,0.7174,0.0406,场内买入,场内卖出,
2024-02-26,0.6894,0.6894,0.0063,场内买入,场内卖出,
2024-02-23,0.6851,0.6851,-0.0038,场内买入,场内卖出,
2024-02-22,0.6877,0.6877,0.0143,场内买入,场内卖出,
2024-02-21,0.678,0.678,-0.0026,场内买入,场内卖出,
2024-02-20,0.6798,0.6798,0.0032,场内买入,场内卖出,
2024-02-19,0.6776,0.6776,0.014499999999999999,场内买入,场内卖出,
2024-02-08,0.6679,0.6679,0.024700000000000003,场内买入,场内卖出,
2024-02-07,0.6518,0.6518,0.026099999999999998,场内买入,场内卖出,
2024-02-06,0.6352,0.6352,0.0559,场内买入,场内卖出,
2024-02-05,0.6016,0.6016,-0.0036,场内买入,场内卖出,
2024-02-02,0.6038,0.6038,-0.026600000000000002,场内买入,场内卖出,
2024-02-01,0.6203,0.6203,0.0127,场内买入,场内卖出,
2024-01-31,0.6125,0.6125,-0.0233,场内买入,场内卖出,
2024-01-30,0.6271,0.6271,-0.0218,场内买入,场内卖出,
2024-01-29,0.6411,0.6411,-0.0248,场内买入,场内卖出,
2024-01-26,0.6574,0.6574,-0.0192,场内买入,场内卖出,
2024-01-25,0.6703,0.6703,0.0184,场内买入,场内卖出,
2024-01-24,0.6582,0.6582,0.0044,场内买入,场内卖出,
2024-01-23,0.6553,0.6553,0.0174,场内买入,场内卖出,
2024-01-22,0.6441,0.6441,-0.031,场内买入,场内卖出,
2024-01-19,0.6647,0.6647,-0.0029,场内买入,场内卖出,
2024-01-18,0.6666,0.6666,0.0166,场内买入,场内卖出,
2024-01-17,0.6557,0.6557,-0.0264,场内买入,场内卖出,
2024-01-16,0.6735,0.6735,-0.0033,场内买入,场内卖出,
2024-01-15,0.6757,0.6757,0.0037,场内买入,场内卖出,
2024-01-12,0.6732,0.6732,-0.0149,场内买入,场内卖出,
2024-01-11,0.6834,0.6834,0.0132,场内买入,场内卖出,
2024-01-10,0.6745,0.6745,-0.0137,场内买入,场内卖出,
2024-01-09,0.6839,0.6839,0.0022,场内买入,场内卖出,
2024-01-08,0.6824,0.6824,-0.026699999999999998,场内买入,场内卖出,
2024-01-05,0.7011,0.7011,-0.010700000000000001,场内买入,场内卖出,
2024-01-04,0.7087,0.7087,-0.0132,场内买入,场内卖出,
2024-01-03,0.7182,0.7182,-0.0222,场内买入,场内卖出,
2024-01-02,0.7345,0.7345,-0.018799999999999997,场内买入,场内卖出,
2023-12-31,0.7486,0.7486,-0.0001,场内买入,场内卖出,
2023-12-29,0.7487,0.7487,0.0166,场内买入,场内卖出,
2023-12-28,0.7365,0.7365,0.0248,场内买入,场内卖出,
2023-12-27,0.7187,0.7187,0.0076,场内买入,场内卖出,
2023-12-26,0.7133,0.7133,-0.0199,场内买入,场内卖出,
2023-12-25,0.7278,0.7278,0.0070999999999999995,场内买入,场内卖出,
2023-12-22,0.7227,0.7227,-0.0097,场内买入,场内卖出,
2023-12-21,0.7298,0.7298,0.0097,场内买入,场内卖出,
2023-12-20,0.7228,0.7228,-0.0154,场内买入,场内卖出,
2023-12-19,0.7341,0.7341,0.0069,场内买入,场内卖出,
2023-12-18,0.7291,0.7291,-0.010700000000000001,场内买入,场内卖出,
2023-12-15,0.737,0.737,-0.0049,场内买入,场内卖出,
2023-12-14,0.7406,0.7406,-0.0026,场内买入,场内卖出,
2023-12-13,0.7425,0.7425,-0.0096,场内买入,场内卖出,
2023-12-12,0.7497,0.7497,0.002,场内买入,场内卖出,
2023-12-11,0.7482,0.7482,0.0166,场内买入,场内卖出,
2023-12-08,0.736,0.736,0.0222,场内买入,场内卖出,
2023-12-07,0.72,0.72,-0.0006,场内买入,场内卖出,
2023-12-06,0.7204,0.7204,-0.0044,场内买入,场内卖出,
2023-12-05,0.7236,0.7236,-0.0296,场内买入,场内卖出,
2023-12-04,0.7457,0.7457,-0.005699999999999999,场内买入,场内卖出,
2023-12-01,0.75,0.75,0.0064,场内买入,场内卖出,
2023-11-30,0.7452,0.7452,-0.0039000000000000003,场内买入,场内卖出,
2023-11-29,0.7481,0.7481,-0.002,场内买入,场内卖出,
2023-11-28,0.7496,0.7496,-0.0004,场内买入,场内卖出,
2023-11-27,0.7499,0.7499,0.0066,场内买入,场内卖出,
2023-11-24,0.745,0.745,-0.0129,场内买入,场内卖出,
2023-11-23,0.7547,0.7547,0.0103,场内买入,场内卖出,
2023-11-22,0.747,0.747,-0.0167,场内买入,场内卖出,
2023-11-21,0.7597,0.7597,-0.0087,场内买入,场内卖出,
2023-11-20,0.7664,0.7664,-0.0034000000000000002,场内买入,场内卖出,
2023-11-17,0.769,0.769,0.0033,场内买入,场内卖出,
2023-11-16,0.7665,0.7665,-0.0152,场内买入,场内卖出,
2023-11-15,0.7783,0.7783,0.0063,场内买入,场内卖出,
2023-11-14,0.7734,0.7734,0.0019,场内买入,场内卖出,
2023-11-13,0.7719,0.7719,0.004699999999999999,场内买入,场内卖出,
2023-11-10,0.7683,0.7683,-0.001,场内买入,场内卖出,
2023-11-09,0.7691,0.7691,-0.0060999999999999995,场内买入,场内卖出,
2023-11-08,0.7738,0.7738,-0.0048,场内买入,场内卖出,
2023-11-07,0.7775,0.7775,0.0049,场内买入,场内卖出,
2023-11-06,0.7737,0.7737,0.0248,场内买入,场内卖出,
2023-11-03,0.755,0.755,0.025099999999999997,场内买入,场内卖出,
2023-11-02,0.7365,0.7365,-0.0085,场内买入,场内卖出,
2023-11-01,0.7428,0.7428,-0.0103,场内买入,场内卖出,
2023-10-31,0.7505,0.7505,-0.009399999999999999,场内买入,场内卖出,
2023-10-30,0.7576,0.7576,0.0313,场内买入,场内卖出,
2023-10-27,0.7346,0.7346,0.0144,场内买入,场内卖出,
2023-10-26,0.7242,0.7242,0.0006,场内买入,场内卖出,
2023-10-25,0.7238,0.7238,0.0015,场内买入,场内卖出,
2023-10-24,0.7227,0.7227,-0.0037,场内买入,场内卖出,
2023-10-23,0.7254,0.7254,-0.004,场内买入,场内卖出,
2023-10-20,0.7283,0.7283,-0.0216,场内买入,场内卖出,
2023-10-19,0.7444,0.7444,-0.0098,场内买入,场内卖出,
2023-10-18,0.7518,0.7518,-0.0134,场内买入,场内卖出,
2023-10-17,0.762,0.762,0.0013,场内买入,场内卖出,
2023-10-16,0.761,0.761,-0.0178,场内买入,场内卖出,
2023-10-13,0.7748,0.7748,-0.0074,场内买入,场内卖出,
2023-10-12,0.7806,0.7806,-0.0003,场内买入,场内卖出,
2023-10-11,0.7808,0.7808,0.0161,场内买入,场内卖出,
2023-10-10,0.7684,0.7684,-0.0005,场内买入,场内卖出,
2023-10-09,0.7688,0.7688,0.0144,场内买入,场内卖出,
2023-09-28,0.7579,0.7579,0.0046,场内买入,场内卖出,
2023-09-27,0.7544,0.7544,-0.0007000000000000001,场内买入,场内卖出,
2023-09-26,0.7549,0.7549,-0.004,场内买入,场内卖出,
2023-09-25,0.7579,0.7579,-0.0121,场内买入,场内卖出,
2023-09-22,0.7672,0.7672,0.0316,场内买入,场内卖出,
2023-09-21,0.7437,0.7437,-0.0015,场内买入,场内卖出,
2023-09-20,0.7448,0.7448,-0.0053,场内买入,场内卖出,
2023-09-19,0.7488,0.7488,-0.0054,场内买入,场内卖出,
2023-09-18,0.7529,0.7529,-0.0025,场内买入,场内卖出,
2023-09-15,0.7548,0.7548,-0.0013,场内买入,场内卖出,
2023-09-14,0.7558,0.7558,-0.009399999999999999,场内买入,场内卖出,
2023-09-13,0.763,0.763,-0.0184,场内买入,场内卖出,
2023-09-12,0.7773,0.7773,0.0001,场内买入,场内卖出,
2023-09-11,0.7772,0.7772,0.01,场内买入,场内卖出,
2023-09-08,0.7695,0.7695,0.0005,场内买入,场内卖出,
2023-09-07,0.7691,0.7691,-0.0227,场内买入,场内卖出,
2023-09-06,0.787,0.787,0.0036,场内买入,场内卖出,
2023-09-05,0.7842,0.7842,-0.0086,场内买入,场内卖出,
2023-09-04,0.791,0.791,0.0127,场内买入,场内卖出,
2023-09-01,0.7811,0.7811,-0.0034000000000000002,场内买入,场内卖出,
2023-08-31,0.7838,0.7838,-0.0005,场内买入,场内卖出,
2023-08-30,0.7842,0.7842,0.0163,场内买入,场内卖出,
2023-08-29,0.7716,0.7716,0.0291,场内买入,场内卖出,
2023-08-28,0.7498,0.7498,0.0171,场内买入,场内卖出,
2023-08-25,0.7372,0.7372,-0.0245,场内买入,场内卖出,
2023-08-24,0.7557,0.7557,0.0072,场内买入,场内卖出,
2023-08-23,0.7503,0.7503,-0.0275,场内买入,场内卖出,
2023-08-22,0.7715,0.7715,0.0217,场内买入,场内卖出,
2023-08-21,0.7551,0.7551,-0.0113,场内买入,场内卖出,
2023-08-18,0.7637,0.7637,-0.0194,场内买入,场内卖出,
2023-08-17,0.7788,0.7788,0.0078000000000000005,场内买入,场内卖出,
2023-08-16,0.7728,0.7728,-0.0199,场内买入,场内卖出,
2023-08-15,0.7885,0.7885,-0.014499999999999999,场内买入,场内卖出,
2023-08-14,0.8001,0.8001,-0.0014000000000000002,场内买入,场内卖出,
2023-08-11,0.8012,0.8012,-0.022099999999999998,场内买入,场内卖出,
2023-08-10,0.8193,0.8193,-0.004,场内买入,场内卖出,
2023-08-09,0.8226,0.8226,-0.013999999999999999,场内买入,场内卖出,
2023-08-08,0.8343,0.8343,-0.0034999999999999996,场内买入,场内卖出,
2023-08-07,0.8372,0.8372,-0.0074,场内买入,场内卖出,
2023-08-04,0.8434,0.8434,0.0074,场内买入,场内卖出,
2023-08-03,0.8372,0.8372,0.0001,场内买入,场内卖出,
2023-08-02,0.8371,0.8371,0.0017000000000000001,场内买入,场内卖出,
2023-08-01,0.8357,0.8357,0.0036,场内买入,场内卖出,
2023-07-31,0.8327,0.8327,0.0096,场内买入,场内卖出,
2023-07-28,0.8248,0.8248,0.0092,场内买入,场内卖出,
2023-07-27,0.8173,0.8173,-0.0086,场内买入,场内卖出,
2023-07-26,0.8244,0.8244,-0.0126,场内买入,场内卖出,
2023-07-25,0.8349,0.8349,0.0158,场内买入,场内卖出,
2023-07-24,0.8219,0.8219,0.0005,场内买入,场内卖出,
2023-07-21,0.8215,0.8215,-0.0038,场内买入,场内卖出,
2023-07-20,0.8246,0.8246,-0.0316,场内买入,场内卖出,
2023-07-19,0.8515,0.8515,-0.0044,场内买入,场内卖出,
2023-07-18,0.8553,0.8553,-0.0085,场内买入,场内卖出,
2023-07-17,0.8626,0.8626,-0.0006,场内买入,场内卖出,
2023-07-14,0.8631,0.8631,0.0021,场内买入,场内卖出,
2023-07-13,0.8613,0.8613,0.019799999999999998,场内买入,场内卖出,
2023-07-12,0.8446,0.8446,-0.021099999999999997,场内买入,场内卖出,
2023-07-11,0.8628,0.8628,0.0252,场内买入,场内卖出,
2023-07-10,0.8416,0.8416,-0.0045000000000000005,场内买入,场内卖出,
2023-07-07,0.8454,0.8454,-0.0077,场内买入,场内卖出,
2023-07-06,0.852,0.852,-0.0007000000000000001,场内买入,场内卖出,
2023-07-05,0.8526,0.8526,-0.0053,场内买入,场内卖出,
2023-07-04,0.8571,0.8571,0.0168,场内买入,场内卖出,
2023-07-03,0.8429,0.8429,0.005,场内买入,场内卖出,
2023-06-30,0.8387,0.8387,0.0058,场内买入,场内卖出,
2023-06-29,0.8339,0.8339,0.0139,场内买入,场内卖出,
2023-06-28,0.8225,0.8225,-0.0226,场内买入,场内卖出,
2023-06-27,0.8415,0.8415,0.011699999999999999,场内买入,场内卖出,
2023-06-26,0.8318,0.8318,-0.0222,场内买入,场内卖出,
2023-06-21,0.8507,0.8507,-0.029500000000000002,场内买入,场内卖出,
2023-06-20,0.8766,0.8766,0.02,场内买入,场内卖出,
2023-06-19,0.8594,0.8594,0.0109,场内买入,场内卖出,
2023-06-16,0.8501,0.8501,0.023700000000000002,场内买入,场内卖出,
2023-06-15,0.8304,0.8304,0.0058,场内买入,场内卖出,
2023-06-14,0.8256,0.8256,0.0017000000000000001,场内买入,场内卖出,
2023-06-13,0.8242,0.8242,0.0245,场内买入,场内卖出,
2023-06-12,0.8045,0.8045,0.012199999999999999,场内买入,场内卖出,
2023-06-09,0.7948,0.7948,0.0121,场内买入,场内卖出,
2023-06-08,0.7853,0.7853,-0.0088,场内买入,场内卖出,
2023-06-07,0.7923,0.7923,0.0096,场内买入,场内卖出,
2023-06-06,0.7848,0.7848,-0.0316,场内买入,场内卖出,
2023-06-05,0.8104,0.8104,0.0,场内买入,场内卖出,
2023-06-02,0.8104,0.8104,0.0068000000000000005,场内买入,场内卖出,
2023-06-01,0.8049,0.8049,0.0148,场内买入,场内卖出,
2023-05-31,0.7932,0.7932,0.0025,场内买入,场内卖出,
2023-05-30,0.7912,0.7912,0.0171,场内买入,场内卖出,
2023-05-29,0.7779,0.7779,0.0028000000000000004,场内买入,场内卖出,
2023-05-26,0.7757,0.7757,0.008100000000000001,场内买入,场内卖出,
2023-05-25,0.7695,0.7695,0.0064,场内买入,场内卖出,
2023-05-24,0.7646,0.7646,-0.006,场内买入,场内卖出,
2023-05-23,0.7692,0.7692,-0.013600000000000001,场内买入,场内卖出,
2023-05-22,0.7798,0.7798,-0.004,场内买入,场内卖出,
2023-05-19,0.7829,0.7829,0.0123,场内买入,场内卖出,
2023-05-18,0.7734,0.7734,0.014199999999999999,场内买入,场内卖出,
2023-05-17,0.7626,0.7626,0.008100000000000001,场内买入,场内卖出,
2023-05-16,0.7565,0.7565,-0.0067,场内买入,场内卖出,
2023-05-15,0.7616,0.7616,0.013300000000000001,场内买入,场内卖出,
2023-05-12,0.7516,0.7516,-0.0095,场内买入,场内卖出,
2023-05-11,0.7588,0.7588,-0.0076,场内买入,场内卖出,
2023-05-10,0.7646,0.7646,-0.0044,场内买入,场内卖出,
2023-05-09,0.768,0.768,-0.0022,场内买入,场内卖出,
2023-05-08,0.7697,0.7697,0.0105,场内买入,场内卖出,
2023-05-05,0.7617,0.7617,-0.0151,场内买入,场内卖出,
2023-05-04,0.7734,0.7734,-0.0194,场内买入,场内卖出,
2023-04-28,0.7887,0.7887,0.025,场内买入,场内卖出,
2023-04-27,0.7695,0.7695,-0.0076,场内买入,场内卖出,
2023-04-26,0.7754,0.7754,-0.0226,场内买入,场内卖出,
2023-04-25,0.7933,0.7933,-0.0199,场内买入,场内卖出,
2023-04-24,0.8094,0.8094,-0.0097,场内买入,场内卖出,
2023-04-21,0.8173,0.8173,-0.0473,场内买入,场内卖出,
2023-04-20,0.8579,0.8579,0.0177,场内买入,场内卖出,
2023-04-19,0.843,0.843,-0.0104,场内买入,场内卖出,
2023-04-18,0.8519,0.8519,-0.0032,场内买入,场内卖出,
2023-04-17,0.8546,0.8546,-0.0108,场内买入,场内卖出,
2023-04-14,0.8639,0.8639,0.011000000000000001,场内买入,场内卖出,
2023-04-13,0.8545,0.8545,-0.0401,场内买入,场内卖出,
2023-04-12,0.8902,0.8902,0.0218,场内买入,场内卖出,
2023-04-11,0.8712,0.8712,-0.0008,场内买入,场内卖出,
2023-04-10,0.8719,0.8719,-0.027200000000000002,场内买入,场内卖出,
2023-04-07,0.8963,0.8963,0.0139,场内买入,场内卖出,
2023-04-06,0.884,0.884,0.0163,场内买入,场内卖出,
2023-04-04,0.8698,0.8698,0.011000000000000001,场内买入,场内卖出,
2023-04-03,0.8603,0.8603,0.0315,场内买入,场内卖出,
2023-03-31,0.834,0.834,0.0097,场内买入,场内卖出,
2023-03-30,0.826,0.826,0.0001,场内买入,场内卖出,
2023-03-29,0.8259,0.8259,0.0106,场内买入,场内卖出,
2023-03-28,0.8172,0.8172,-0.0231,场内买入,场内卖出,
2023-03-27,0.8365,0.8365,-0.0106,场内买入,场内卖出,
2023-03-24,0.8455,0.8455,0.0106,场内买入,场内卖出,
2023-03-23,0.8366,0.8366,0.0395,场内买入,场内卖出,
2023-03-22,0.8048,0.8048,0.0144,场内买入,场内卖出,
2023-03-21,0.7934,0.7934,0.0058,场内买入,场内卖出,
2023-03-20,0.7888,0.7888,0.0032,场内买入,场内卖出,
2023-03-17,0.7863,0.7863,0.0175,场内买入,场内卖出,
2023-03-16,0.7728,0.7728,-0.0113,场内买入,场内卖出,
2023-03-15,0.7816,0.7816,-0.0004,场内买入,场内卖出,
2023-03-14,0.7819,0.7819,-0.0017000000000000001,场内买入,场内卖出,
2023-03-13,0.7832,0.7832,0.014499999999999999,场内买入,场内卖出,
2023-03-10,0.772,0.772,-0.013000000000000001,场内买入,场内卖出,
2023-03-09,0.7822,0.7822,0.0031,场内买入,场内卖出,
2023-03-08,0.7798,0.7798,0.0059,场内买入,场内卖出,
2023-03-07,0.7752,0.7752,-0.027999999999999997,场内买入,场内卖出,
2023-03-06,0.7975,0.7975,-0.0019,场内买入,场内卖出,
2023-03-03,0.799,0.799,-0.001,场内买入,场内卖出,
2023-03-02,0.7998,0.7998,-0.0004,场内买入,场内卖出,
2023-03-01,0.8001,0.8001,0.0213,场内买入,场内卖出,
2023-02-28,0.7834,0.7834,0.0128,场内买入,场内卖出,
2023-02-27,0.7735,0.7735,-0.012,场内买入,场内卖出,
2023-02-24,0.7829,0.7829,-0.0017000000000000001,场内买入,场内卖出,
2023-02-23,0.7842,0.7842,-0.005600000000000001,场内买入,场内卖出,
2023-02-22,0.7886,0.7886,-0.0049,场内买入,场内卖出,
2023-02-21,0.7925,0.7925,0.0027,场内买入,场内卖出,
2023-02-20,0.7904,0.7904,0.024,场内买入,场内卖出,
2023-02-17,0.7719,0.7719,-0.0326,场内买入,场内卖出,
2023-02-16,0.7979,0.7979,-0.0148,场内买入,场内卖出,
2023-02-15,0.8099,0.8099,0.0092,场内买入,场内卖出,
2023-02-14,0.8025,0.8025,-0.0025,场内买入,场内卖出,
2023-02-13,0.8045,0.8045,0.010700000000000001,场内买入,场内卖出,
2023-02-10,0.796,0.796,-0.0045000000000000005,场内买入,场内卖出,
2023-02-09,0.7996,0.7996,0.0288,场内买入,场内卖出,
2023-02-08,0.7772,0.7772,-0.0087,场内买入,场内卖出,
2023-02-07,0.784,0.784,0.0005,场内买入,场内卖出,
2023-02-06,0.7836,0.7836,-0.008199999999999999,场内买入,场内卖出,
2023-02-03,0.7901,0.7901,0.0043,场内买入,场内卖出,
2023-02-02,0.7867,0.7867,0.0005,场内买入,场内卖出,
2023-02-01,0.7863,0.7863,0.015600000000000001,场内买入,场内卖出,
2023-01-31,0.7742,0.7742,-0.0165,场内买入,场内卖出,
2023-01-30,0.7872,0.7872,0.0148,场内买入,场内卖出,
2023-01-20,0.7757,0.7757,0.006,场内买入,场内卖出,
2023-01-19,0.7711,0.7711,0.0182,场内买入,场内卖出,
2023-01-18,0.7573,0.7573,-0.0043,场内买入,场内卖出,
2023-01-17,0.7606,0.7606,0.0173,场内买入,场内卖出,
2023-01-16,0.7477,0.7477,0.0235,场内买入,场内卖出,
2023-01-13,0.7305,0.7305,0.0054,场内买入,场内卖出,
2023-01-12,0.7266,0.7266,0.0008,场内买入,场内卖出,
2023-01-11,0.726,0.726,-0.009000000000000001,场内买入,场内卖出,
2023-01-10,0.7326,0.7326,0.0063,场内买入,场内卖出,
2023-01-09,0.728,0.728,0.0019,场内买入,场内卖出,
2023-01-06,0.7266,0.7266,-0.0076,场内买入,场内卖出,
2023-01-05,0.7322,0.7322,0.018500000000000003,场内买入,场内卖出,
2023-01-04,0.7189,0.7189,-0.010700000000000001,场内买入,场内卖出,
2023-01-03,0.7267,0.7267,0.0155,场内买入,场内卖出,
2022-12-31,0.7156,0.7156,0.0,场内买入,场内卖出,
2022-12-30,0.7156,0.7156,-0.0042,场内买入,场内卖出,
2022-12-29,0.7186,0.7186,0.002,场内买入,场内卖出,
2022-12-28,0.7172,0.7172,-0.0132,场内买入,场内卖出,
2022-12-27,0.7268,0.7268,0.0131,场内买入,场内卖出,
2022-12-26,0.7174,0.7174,0.0169,场内买入,场内卖出,
2022-12-23,0.7055,0.7055,-0.0095,场内买入,场内卖出,
2022-12-22,0.7123,0.7123,-0.0008,场内买入,场内卖出,
2022-12-21,0.7129,0.7129,-0.006999999999999999,场内买入,场内卖出,
2022-12-20,0.7179,0.7179,-0.0113,场内买入,场内卖出,
2022-12-19,0.7261,0.7261,-0.0175,场内买入,场内卖出,
2022-12-16,0.739,0.739,-0.0111,场内买入,场内卖出,
2022-12-15,0.7473,0.7473,0.0088,场内买入,场内卖出,
2022-12-14,0.7408,0.7408,-0.0018,场内买入,场内卖出,
2022-12-13,0.7421,0.7421,-0.0146,场内买入,场内卖出,
2022-12-12,0.7531,0.7531,0.0143,场内买入,场内卖出,
2022-12-09,0.7425,0.7425,0.0043,场内买入,场内卖出,
2022-12-08,0.7393,0.7393,-0.009000000000000001,场内买入,场内卖出,
2022-12-07,0.746,0.746,-0.0039000000000000003,场内买入,场内卖出,
2022-12-06,0.7489,0.7489,0.0089,场内买入,场内卖出,
2022-12-05,0.7423,0.7423,0.014499999999999999,场内买入,场内卖出,
2022-12-02,0.7317,0.7317,-0.0046,场内买入,场内卖出,
2022-12-01,0.7351,0.7351,0.0092,场内买入,场内卖出,
2022-11-30,0.7284,0.7284,-0.0014000000000000002,场内买入,场内卖出,
2022-11-29,0.7294,0.7294,0.023,场内买入,场内卖出,
2022-11-28,0.713,0.713,-0.0129,场内买入,场内卖出,
2022-11-25,0.7223,0.7223,-0.0076,场内买入,场内卖出,
2022-11-24,0.7278,0.7278,-0.0106,场内买入,场内卖出,
2022-11-23,0.7356,0.7356,-0.0089,场内买入,场内卖出,
2022-11-22,0.7422,0.7422,-0.0092,场内买入,场内卖出,
2022-11-21,0.7491,0.7491,-0.0040999999999999995,场内买入,场内卖出,
2022-11-18,0.7522,0.7522,-0.0084,场内买入,场内卖出,
2022-11-17,0.7586,0.7586,0.0076,场内买入,场内卖出,
2022-11-16,0.7529,0.7529,-0.009300000000000001,场内买入,场内卖出,
2022-11-15,0.76,0.76,0.0417,场内买入,场内卖出,
2022-11-14,0.7296,0.7296,0.006500000000000001,场内买入,场内卖出,
2022-11-11,0.7249,0.7249,0.021,场内买入,场内卖出,
2022-11-10,0.71,0.71,-0.0215,场内买入,场内卖出,
2022-11-09,0.7256,0.7256,-0.0139,场内买入,场内卖出,
2022-11-08,0.7358,0.7358,-0.008100000000000001,场内买入,场内卖出,
2022-11-07,0.7418,0.7418,-0.0024,场内买入,场内卖出,
2022-11-04,0.7436,0.7436,0.0203,场内买入,场内卖出,
2022-11-03,0.7288,0.7288,0.0019,场内买入,场内卖出,
2022-11-02,0.7274,0.7274,0.0208,场内买入,场内卖出,
2022-11-01,0.7126,0.7126,0.0202,场内买入,场内卖出,
2022-10-31,0.6985,0.6985,0.0179,场内买入,场内卖出,
2022-10-28,0.6862,0.6862,-0.0341,场内买入,场内卖出,
2022-10-27,0.7104,0.7104,0.0014000000000000002,场内买入,场内卖出,
2022-10-26,0.7094,0.7094,0.0181,场内买入,场内卖出,
2022-10-25,0.6968,0.6968,-0.0051,场内买入,场内卖出,
2022-10-24,0.7004,0.7004,-0.0079,场内买入,场内卖出,
2022-10-21,0.706,0.706,-0.009399999999999999,场内买入,场内卖出,
2022-10-20,0.7127,0.7127,0.0058,场内买入,场内卖出,
2022-10-19,0.7086,0.7086,-0.016200000000000003,场内买入,场内卖出,
2022-10-18,0.7203,0.7203,-0.005699999999999999,场内买入,场内卖出,
2022-10-17,0.7244,0.7244,0.0187,场内买入,场内卖出,
2022-10-14,0.7111,0.7111,0.0252,场内买入,场内卖出,
2022-10-13,0.6936,0.6936,-0.002,场内买入,场内卖出,
2022-10-12,0.695,0.695,0.0292,场内买入,场内卖出,
2022-10-11,0.6753,0.6753,0.0003,场内买入,场内卖出,
2022-10-10,0.6751,0.6751,-0.0353,场内买入,场内卖出,
2022-09-30,0.6998,0.6998,-0.016399999999999998,场内买入,场内卖出,
2022-09-29,0.7115,0.7115,-0.002,场内买入,场内卖出,
2022-09-28,0.7129,0.7129,-0.0285,场内买入,场内卖出,
2022-09-27,0.7338,0.7338,0.0176,场内买入,场内卖出,
2022-09-26,0.7211,0.7211,-0.0046,场内买入,场内卖出,
2022-09-23,0.7244,0.7244,-0.0172,场内买入,场内卖出,
2022-09-22,0.7371,0.7371,-0.011699999999999999,场内买入,场内卖出,
2022-09-21,0.7458,0.7458,-0.0127,场内买入,场内卖出,
2022-09-20,0.7554,0.7554,-0.0036,场内买入,场内卖出,
2022-09-19,0.7581,0.7581,-0.0085,场内买入,场内卖出,
2022-09-16,0.7646,0.7646,-0.0158,场内买入,场内卖出,
2022-09-15,0.7769,0.7769,-0.0152,场内买入,场内卖出,
2022-09-14,0.7889,0.7889,-0.0102,场内买入,场内卖出,
2022-09-13,0.797,0.797,0.005699999999999999,场内买入,场内卖出,
2022-09-09,0.7925,0.7925,0.005699999999999999,场内买入,场内卖出,
2022-09-08,0.788,0.788,-0.0123,场内买入,场内卖出,
2022-09-07,0.7978,0.7978,0.0070999999999999995,场内买入,场内卖出,
2022-09-06,0.7922,0.7922,0.004699999999999999,场内买入,场内卖出,
2022-09-05,0.7885,0.7885,-0.0063,场内买入,场内卖出,
2022-09-02,0.7935,0.7935,0.0137,场内买入,场内卖出,
2022-09-01,0.7828,0.7828,-0.0178,场内买入,场内卖出,
2022-08-31,0.797,0.797,-0.0006,场内买入,场内卖出,
2022-08-30,0.7975,0.7975,-0.005,场内买入,场内卖出,
2022-08-29,0.8015,0.8015,-0.0052,场内买入,场内卖出,
2022-08-26,0.8057,0.8057,-0.0063,场内买入,场内卖出,
2022-08-25,0.8108,0.8108,0.0028000000000000004,场内买入,场内卖出,
2022-08-24,0.8085,0.8085,-0.0397,场内买入,场内卖出,
2022-08-23,0.8419,0.8419,0.0005,场内买入,场内卖出,
2022-08-22,0.8415,0.8415,0.0077,场内买入,场内卖出,
2022-08-19,0.8351,0.8351,-0.025,场内买入,场内卖出,
2022-08-18,0.8565,0.8565,0.0034000000000000002,场内买入,场内卖出,
2022-08-17,0.8536,0.8536,0.015600000000000001,场内买入,场内卖出,
2022-08-16,0.8405,0.8405,-0.0019,场内买入,场内卖出,
2022-08-15,0.8421,0.8421,-0.0060999999999999995,场内买入,场内卖出,
2022-08-12,0.8473,0.8473,-0.0125,场内买入,场内卖出,
2022-08-11,0.858,0.858,0.029500000000000002,场内买入,场内卖出,
2022-08-10,0.8334,0.8334,-0.011200000000000002,场内买入,场内卖出,
2022-08-09,0.8428,0.8428,0.0031,场内买入,场内卖出,
2022-08-08,0.8402,0.8402,0.0006,场内买入,场内卖出,
2022-08-05,0.8397,0.8397,0.0287,场内买入,场内卖出,
2022-08-04,0.8163,0.8163,0.009899999999999999,场内买入,场内卖出,
2022-08-03,0.8083,0.8083,0.0025,场内买入,场内卖出,
2022-08-02,0.8063,0.8063,-0.0218,场内买入,场内卖出,
2022-08-01,0.8243,0.8243,0.015300000000000001,场内买入,场内卖出,
2022-07-29,0.8119,0.8119,-0.0129,场内买入,场内卖出,
2022-07-28,0.8225,0.8225,0.0235,场内买入,场内卖出,
2022-07-27,0.8036,0.8036,0.0005,场内买入,场内卖出,
2022-07-26,0.8032,0.8032,0.0084,场内买入,场内卖出,
2022-07-25,0.7965,0.7965,-0.0103,场内买入,场内卖出,
2022-07-22,0.8048,0.8048,-0.011200000000000002,场内买入,场内卖出,
2022-07-21,0.8139,0.8139,0.0017000000000000001,场内买入,场内卖出,
2022-07-20,0.8125,0.8125,0.0068000000000000005,场内买入,场内卖出,
2022-07-19,0.807,0.807,0.0039000000000000003,场内买入,场内卖出,
2022-07-18,0.8039,0.8039,0.0070999999999999995,场内买入,场内卖出,
2022-07-15,0.7982,0.7982,-0.005600000000000001,场内买入,场内卖出,
2022-07-14,0.8027,0.8027,0.0059,场内买入,场内卖出,
2022-07-13,0.798,0.798,-0.0109,场内买入,场内卖出,
2022-07-12,0.8068,0.8068,-0.0126,场内买入,场内卖出,
2022-07-11,0.8171,0.8171,-0.0213,场内买入,场内卖出,
2022-07-08,0.8349,0.8349,0.0051,场内买入,场内卖出,
2022-07-07,0.8307,0.8307,0.0060999999999999995,场内买入,场内卖出,
2022-07-06,0.8257,0.8257,-0.0025,场内买入,场内卖出,
2022-07-05,0.8278,0.8278,-0.0116,场内买入,场内卖出,
2022-07-04,0.8375,0.8375,-0.0073,场内买入,场内卖出,
2022-07-01,0.8437,0.8437,-0.0045000000000000005,场内买入,场内卖出,
2022-06-30,0.8475,0.8475,0.0124,场内买入,场内卖出,
2022-06-29,0.8371,0.8371,-0.0227,场内买入,场内卖出,
2022-06-28,0.8565,0.8565,0.024,场内买入,场内卖出,
2022-06-27,0.8364,0.8364,0.005,场内买入,场内卖出,
2022-06-24,0.8322,0.8322,0.0124,场内买入,场内卖出,
2022-06-23,0.822,0.822,0.0219,场内买入,场内卖出,
2022-06-22,0.8044,0.8044,-0.0341,场内买入,场内卖出,
2022-06-21,0.8328,0.8328,0.0022,场内买入,场内卖出,
2022-06-20,0.831,0.831,0.0108,场内买入,场内卖出,
2022-06-17,0.8221,0.8221,0.0022,场内买入,场内卖出,
2022-06-16,0.8203,0.8203,0.004,场内买入,场内卖出,
2022-06-15,0.817,0.817,0.0085,场内买入,场内卖出,
2022-06-14,0.8101,0.8101,-0.0086,场内买入,场内卖出,
2022-06-13,0.8171,0.8171,-0.0052,场内买入,场内卖出,
2022-06-10,0.8214,0.8214,0.017,场内买入,场内卖出,
2022-06-09,0.8077,0.8077,-0.027999999999999997,场内买入,场内卖出,
2022-06-08,0.831,0.831,-0.0019,场内买入,场内卖出,
2022-06-07,0.8326,0.8326,-0.0116,场内买入,场内卖出,
2022-06-06,0.8424,0.8424,0.0302,场内买入,场内卖出,
2022-06-02,0.8177,0.8177,0.0194,场内买入,场内卖出,
2022-06-01,0.8021,0.8021,-0.0005,场内买入,场内卖出,
2022-05-31,0.8025,0.8025,0.0286,场内买入,场内卖出,
2022-05-30,0.7802,0.7802,0.0084,场内买入,场内卖出,
2022-05-27,0.7737,0.7737,0.0008,场内买入,场内卖出,
2022-05-26,0.7731,0.7731,0.0131,场内买入,场内卖出,
2022-05-25,0.7631,0.7631,0.0042,场内买入,场内卖出,
2022-05-24,0.7599,0.7599,-0.037599999999999995,场内买入,场内卖出,
2022-05-23,0.7896,0.7896,-0.0016,场内买入,场内卖出,
2022-05-20,0.7909,0.7909,0.0125,场内买入,场内卖出,
2022-05-19,0.7811,0.7811,0.0045000000000000005,场内买入,场内卖出,
2022-05-18,0.7776,0.7776,0.0019,场内买入,场内卖出,
2022-05-17,0.7761,0.7761,0.0219,场内买入,场内卖出,
2022-05-16,0.7595,0.7595,-0.0073,场内买入,场内卖出,
2022-05-13,0.7651,0.7651,-0.004,场内买入,场内卖出,
2022-05-12,0.7682,0.7682,0.0003,场内买入,场内卖出,
2022-05-11,0.768,0.768,0.021,场内买入,场内卖出,
2022-05-10,0.7522,0.7522,0.020499999999999997,场内买入,场内卖出,
2022-05-09,0.7371,0.7371,-0.006999999999999999,场内买入,场内卖出,
2022-05-06,0.7423,0.7423,-0.026600000000000002,场内买入,场内卖出,
2022-05-05,0.7626,0.7626,-0.0013,场内买入,场内卖出,
2022-04-29,0.7636,0.7636,0.0475,场内买入,场内卖出,
2022-04-28,0.729,0.729,0.009000000000000001,场内买入,场内卖出,
2022-04-27,0.7225,0.7225,0.062,场内买入,场内卖出,
2022-04-26,0.6803,0.6803,-0.0241,场内买入,场内卖出,
2022-04-25,0.6971,0.6971,-0.0652,场内买入,场内卖出,
2022-04-22,0.7457,0.7457,-0.0073,场内买入,场内卖出,
2022-04-21,0.7512,0.7512,-0.02,场内买入,场内卖出,
2022-04-20,0.7665,0.7665,-0.0084,场内买入,场内卖出,
2022-04-19,0.773,0.773,-0.0124,场内买入,场内卖出,
2022-04-18,0.7827,0.7827,0.0222,场内买入,场内卖出,
2022-04-15,0.7657,0.7657,0.0021,场内买入,场内卖出,
2022-04-14,0.7641,0.7641,0.017,场内买入,场内卖出,
2022-04-13,0.7513,0.7513,-0.0206,场内买入,场内卖出,
2022-04-12,0.7671,0.7671,0.0212,场内买入,场内卖出,
2022-04-11,0.7512,0.7512,-0.052000000000000005,场内买入,场内卖出,
2022-04-08,0.7924,0.7924,-0.0084,场内买入,场内卖出,
2022-04-07,0.7991,0.7991,-0.0177,场内买入,场内卖出,
2022-04-06,0.8135,0.8135,-0.0191,场内买入,场内卖出,
2022-04-01,0.8293,0.8293,0.0016,场内买入,场内卖出,
2022-03-31,0.828,0.828,-0.0149,场内买入,场内卖出,
2022-03-30,0.8405,0.8405,0.028900000000000002,场内买入,场内卖出,
2022-03-29,0.8169,0.8169,-0.023799999999999998,场内买入,场内卖出,
2022-03-28,0.8368,0.8368,-0.011000000000000001,场内买入,场内卖出,
2022-03-25,0.8461,0.8461,-0.021099999999999997,场内买入,场内卖出,
2022-03-24,0.8643,0.8643,-0.016399999999999998,场内买入,场内卖出,
2022-03-23,0.8787,0.8787,0.0077,场内买入,场内卖出,
2022-03-22,0.872,0.872,-0.0070999999999999995,场内买入,场内卖出,
2022-03-21,0.8782,0.8782,0.006,场内买入,场内卖出,
2022-03-18,0.873,0.873,-0.0013,场内买入,场内卖出,
2022-03-17,0.8741,0.8741,0.0219,场内买入,场内卖出,
2022-03-16,0.8554,0.8554,0.0409,场内买入,场内卖出,
2022-03-15,0.8218,0.8218,-0.0365,场内买入,场内卖出,
2022-03-14,0.8529,0.8529,-0.0311,场内买入,场内卖出,
2022-03-11,0.8803,0.8803,-0.0026,场内买入,场内卖出,
2022-03-10,0.8826,0.8826,0.006500000000000001,场内买入,场内卖出,
2022-03-09,0.8769,0.8769,-0.0013,场内买入,场内卖出,
2022-03-08,0.878,0.878,-0.01,场内买入,场内卖出,
2022-03-07,0.8869,0.8869,-0.0463,场内买入,场内卖出,
2022-03-04,0.93,0.93,-0.0137,场内买入,场内卖出,
2022-03-03,0.9429,0.9429,-0.020499999999999997,场内买入,场内卖出,
2022-03-02,0.9626,0.9626,-0.0161,场内买入,场内卖出,
2022-03-01,0.9784,0.9784,-0.0006,场内买入,场内卖出,
2022-02-28,0.979,0.979,0.0003,场内买入,场内卖出,
2022-02-25,0.9787,0.9787,0.0063,场内买入,场内卖出,
2022-02-24,0.9726,0.9726,-0.0179,场内买入,场内卖出,
2022-02-23,0.9903,0.9903,0.0366,场内买入,场内卖出,
2022-02-22,0.9553,0.9553,-0.0147,场内买入,场内卖出,
2022-02-21,0.9696,0.9696,0.002,场内买入,场内卖出,
2022-02-18,0.9677,0.9677,0.0009,场内买入,场内卖出,
2022-02-17,0.9668,0.9668,0.0037,场内买入,场内卖出,
2022-02-16,0.9632,0.9632,-0.0004,场内买入,场内卖出,
2022-02-15,0.9636,0.9636,0.0281,场内买入,场内卖出,
2022-02-14,0.9373,0.9373,-0.0046,场内买入,场内卖出,
2022-02-11,0.9416,0.9416,-0.0206,场内买入,场内卖出,
2022-02-10,0.9614,0.9614,-0.0101,场内买入,场内卖出,
2022-02-09,0.9712,0.9712,0.0178,场内买入,场内卖出,
2022-02-08,0.9542,0.9542,-0.02,场内买入,场内卖出,
2022-02-07,0.9737,0.9737,0.0001,场内买入,场内卖出,
2022-01-28,0.9736,0.9736,-0.0108,场内买入,场内卖出,
2022-01-27,0.9842,0.9842,-0.037200000000000004,场内买入,场内卖出,
2022-01-26,1.0222,1.0222,0.0043,场内买入,场内卖出,
2022-01-25,1.0178,1.0178,-0.0254,场内买入,场内卖出,
2022-01-24,1.0443,1.0443,0.0111,场内买入,场内卖出,
2022-01-21,1.0328,1.0328,-0.0183,场内买入,场内卖出,
2022-01-20,1.052,1.052,0.0015,场内买入,场内卖出,
2022-01-19,1.0504,1.0504,-0.009399999999999999,场内买入,场内卖出,
2022-01-18,1.0604,1.0604,0.011200000000000002,场内买入,场内卖出,
2022-01-17,1.0487,1.0487,0.020099999999999996,场内买入,场内卖出,
2022-01-14,1.028,1.028,0.0051,场内买入,场内卖出,
2022-01-13,1.0228,1.0228,-0.0233,场内买入,场内卖出,
2022-01-12,1.0472,1.0472,0.0108,场内买入,场内卖出,
2022-01-11,1.036,1.036,-0.0187,场内买入,场内卖出,
2022-01-10,1.0557,1.0557,0.0076,场内买入,场内卖出,
2022-01-07,1.0477,1.0477,-0.006,场内买入,场内卖出,
2022-01-06,1.054,1.054,-0.0089,场内买入,场内卖出,
2022-01-05,1.0635,1.0635,-0.0337,场内买入,场内卖出,
2022-01-04,1.1006,1.1006,0.0066,场内买入,场内卖出,
2021-12-31,1.0934,1.0934,0.0006,场内买入,场内卖出,
2021-12-30,1.0927,1.0927,0.018600000000000002,场内买入,场内卖出,
2021-12-29,1.0727,1.0727,-0.013000000000000001,场内买入,场内卖出,
2021-12-28,1.0868,1.0868,0.0096,场内买入,场内卖出,
2021-12-27,1.0765,1.0765,-0.0029,场内买入,场内卖出,
2021-12-24,1.0796,1.0796,-0.0034999999999999996,场内买入,场内卖出,
2021-12-23,1.0834,1.0834,0.0042,场内买入,场内卖出,
2021-12-22,1.0789,1.0789,0.0121,场内买入,场内卖出,
2021-12-21,1.066,1.066,0.0161,场内买入,场内卖出,
2021-12-20,1.0491,1.0491,-0.0258,场内买入,场内卖出,
2021-12-17,1.0769,1.0769,-0.0191,场内买入,场内卖出,
2021-12-16,1.0979,1.0979,0.0019,场内买入,场内卖出,
2021-12-15,1.0958,1.0958,-0.0131,场内买入,场内卖出,
2021-12-14,1.1104,1.1104,-0.0048,场内买入,场内卖出,
2021-12-13,1.1158,1.1158,0.0128,场内买入,场内卖出,
2021-12-10,1.1017,1.1017,-0.0048,场内买入,场内卖出,
2021-12-09,1.107,1.107,0.0128,场内买入,场内卖出,
2021-12-08,1.093,1.093,0.027200000000000002,场内买入,场内卖出,
2021-12-07,1.0641,1.0641,-0.0052,场内买入,场内卖出,
2021-12-06,1.0697,1.0697,-0.0097,场内买入,场内卖出,
2021-12-03,1.0802,1.0802,0.0111,场内买入,场内卖出,
2021-12-02,1.0683,1.0683,-0.0079,场内买入,场内卖出,
2021-12-01,1.0768,1.0768,0.0037,场内买入,场内卖出,
2021-11-30,1.0728,1.0728,0.006,场内买入,场内卖出,
2021-11-29,1.0664,1.0664,0.0045000000000000005,场内买入,场内卖出,
2021-11-26,1.0616,1.0616,-0.0149,场内买入,场内卖出,
2021-11-25,1.0777,1.0777,-0.0034000000000000002,场内买入,场内卖出,
2021-11-24,1.0814,1.0814,-0.0036,场内买入,场内卖出,
2021-11-23,1.0853,1.0853,-0.0070999999999999995,场内买入,场内卖出,
2021-11-22,1.0931,1.0931,0.0216,场内买入,场内卖出,
2021-11-19,1.07,1.07,0.0155,场内买入,场内卖出,
2021-11-18,1.0537,1.0537,-0.015,场内买入,场内卖出,
2021-11-17,1.0697,1.0697,0.0077,场内买入,场内卖出,
2021-11-16,1.0615,1.0615,-0.0066,场内买入,场内卖出,
2021-11-15,1.0686,1.0686,0.0044,场内买入,场内卖出,
2021-11-12,1.0639,1.0639,0.0052,场内买入,场内卖出,
2021-11-11,1.0584,1.0584,0.0141,场内买入,场内卖出,
2021-11-10,1.0437,1.0437,0.0003,场内买入,场内卖出,
2021-11-09,1.0434,1.0434,0.0068000000000000005,场内买入,场内卖出,
2021-11-08,1.0364,1.0364,-0.0055000000000000005,场内买入,场内卖出,
2021-11-05,1.0421,1.0421,0.0012,场内买入,场内卖出,
2021-11-04,1.0409,1.0409,0.018799999999999997,场内买入,场内卖出,
2021-11-03,1.0217,1.0217,-0.004,场内买入,场内卖出,
2021-11-02,1.0258,1.0258,0.0007000000000000001,场内买入,场内卖出,
2021-11-01,1.0251,1.0251,0.0113,场内买入,场内卖出,
2021-10-29,1.0136,1.0136,0.0127,场内买入,场内卖出,
2021-10-28,1.0009,1.0009,0.0029,场内买入,场内卖出,
2021-10-27,0.998,0.998,-0.0172,场内买入,场内卖出,
2021-10-26,1.0155,1.0155,0.0089,场内买入,场内卖出,
2021-10-25,1.0065,1.0065,0.0016,场内买入,场内卖出,
2021-10-22,1.0049,1.0049,0.017,场内买入,场内卖出,
2021-10-21,0.9881,0.9881,-0.0069,场内买入,场内卖出,
2021-10-20,0.995,0.995,-0.0044,场内买入,场内卖出,
2021-10-19,0.9994,0.9994,-0.0006,场内买入,场内卖出,
2021-10-18,1.0,1.0,-0.0001,场内买入,场内卖出,
2021-10-15,1.0001,1.0001,0.0001,场内买入,场内卖出,
2021-10-14,1.0,1.0,0.0,场内买入,场内卖出,
2021-10-13,1.0,1.0,0.0,场内买入,场内卖出,
