date,net_value,cumulative_net_value,daily_growth_rate,purchase_status,redemption_status,dividend
2025-12-18,0.7174,0.7174,-0.0069,场内买入,场内卖出,
2025-12-17,0.7224,0.7224,0.0102,场内买入,场内卖出,
2025-12-16,0.7151,0.7151,-0.0181,场内买入,场内卖出,
2025-12-15,0.7283,0.7283,-0.0248,场内买入,场内卖出,
2025-12-12,0.7468,0.7468,0.0177,场内买入,场内卖出,
2025-12-11,0.7338,0.7338,-0.009000000000000001,场内买入,场内卖出,
2025-12-10,0.7405,0.7405,0.0043,场内买入,场内卖出,
2025-12-09,0.7373,0.7373,-0.0182,场内买入,场内卖出,
2025-12-08,0.751,0.751,0.0001,场内买入,场内卖出,
2025-12-05,0.7509,0.7509,0.0078000000000000005,场内买入,场内卖出,
2025-12-04,0.7451,0.7451,0.0148,场内买入,场内卖出,
2025-12-03,0.7342,0.7342,-0.0158,场内买入,场内卖出,
2025-12-02,0.746,0.746,-0.0036,场内买入,场内卖出,
2025-12-01,0.7487,0.7487,0.0067,场内买入,场内卖出,
2025-11-28,0.7437,0.7437,0.0003,场内买入,场内卖出,
2025-11-27,0.7435,0.7435,-0.0043,场内买入,场内卖出,
2025-11-26,0.7467,0.7467,0.0015,场内买入,场内卖出,
2025-11-25,0.7456,0.7456,0.011699999999999999,场内买入,场内卖出,
2025-11-24,0.737,0.737,0.0278,场内买入,场内卖出,
2025-11-21,0.7171,0.7171,-0.0325,场内买入,场内卖出,
2025-11-20,0.7412,0.7412,-0.0052,场内买入,场内卖出,
2025-11-19,0.7451,0.7451,-0.008100000000000001,场内买入,场内卖出,
2025-11-18,0.7512,0.7512,-0.0191,场内买入,场内卖出,
2025-11-17,0.7658,0.7658,-0.0101,场内买入,场内卖出,
2025-11-14,0.7736,0.7736,-0.0286,场内买入,场内卖出,
2025-11-13,0.7964,0.7964,0.0085,场内买入,场内卖出,
2025-11-12,0.7897,0.7897,0.0014000000000000002,场内买入,场内卖出,
2025-11-11,0.7886,0.7886,0.0019,场内买入,场内卖出,
2025-11-10,0.7871,0.7871,0.013500000000000002,场内买入,场内卖出,
2025-11-07,0.7766,0.7766,-0.018600000000000002,场内买入,场内卖出,
2025-11-06,0.7913,0.7913,0.0269,场内买入,场内卖出,
2025-11-05,0.7706,0.7706,-0.0053,场内买入,场内卖出,
2025-11-04,0.7747,0.7747,-0.0176,场内买入,场内卖出,
2025-11-03,0.7886,0.7886,0.0017000000000000001,场内买入,场内卖出,
2025-10-31,0.7873,0.7873,-0.0233,场内买入,场内卖出,
2025-10-30,0.8061,0.8061,-0.0068000000000000005,场内买入,场内卖出,
2025-10-29,0.8116,0.8116,-0.0004,暂停申购,暂停赎回,
2025-10-28,0.8119,0.8119,-0.0128,场内买入,场内卖出,
2025-10-27,0.8224,0.8224,0.0179,场内买入,场内卖出,
2025-10-24,0.8079,0.8079,0.0184,场内买入,场内卖出,
2025-10-23,0.7933,0.7933,0.0043,场内买入,场内卖出,
2025-10-22,0.7899,0.7899,-0.0141,场内买入,场内卖出,
2025-10-21,0.8012,0.8012,0.011699999999999999,场内买入,场内卖出,
2025-10-20,0.7919,0.7919,0.030699999999999998,场内买入,场内卖出,
2025-10-17,0.7683,0.7683,-0.0405,场内买入,场内卖出,
2025-10-16,0.8007,0.8007,-0.012199999999999999,场内买入,场内卖出,
2025-10-15,0.8106,0.8106,0.0259,场内买入,场内卖出,
2025-10-14,0.7901,0.7901,-0.0354,场内买入,场内卖出,
2025-10-13,0.8191,0.8191,-0.018799999999999997,场内买入,场内卖出,
2025-10-10,0.8348,0.8348,-0.0336,场内买入,场内卖出,
2025-10-09,0.8638,0.8638,0.0015,场内买入,场内卖出,
2025-09-30,0.8625,0.8625,0.021400000000000002,场内买入,场内卖出,
2025-09-29,0.8444,0.8444,0.0203,场内买入,场内卖出,
2025-09-26,0.8276,0.8276,-0.028999999999999998,场内买入,场内卖出,
2025-09-25,0.8523,0.8523,0.009000000000000001,场内买入,场内卖出,
2025-09-24,0.8447,0.8447,0.0246,场内买入,场内卖出,
2025-09-23,0.8244,0.8244,-0.0151,场内买入,场内卖出,
2025-09-22,0.837,0.837,-0.0053,场内买入,场内卖出,
2025-09-19,0.8415,0.8415,0.0042,场内买入,场内卖出,
2025-09-18,0.838,0.838,-0.0084,场内买入,场内卖出,
2025-09-17,0.8451,0.8451,0.0418,场内买入,场内卖出,
2025-09-16,0.8112,0.8112,0.0053,场内买入,场内卖出,
2025-09-15,0.8069,0.8069,0.0105,场内买入,场内卖出,
2025-09-12,0.7985,0.7985,0.0171,场内买入,场内卖出,
2025-09-11,0.7851,0.7851,-0.0028000000000000004,场内买入,场内卖出,
2025-09-10,0.7873,0.7873,0.0139,场内买入,场内卖出,
2025-09-09,0.7765,0.7765,0.013300000000000001,场内买入,场内卖出,
2025-09-08,0.7663,0.7663,0.0111,场内买入,场内卖出,
2025-09-05,0.7579,0.7579,0.019,场内买入,场内卖出,
2025-09-04,0.7438,0.7438,-0.0183,场内买入,场内卖出,
2025-09-03,0.7577,0.7577,-0.0086,场内买入,场内卖出,
2025-09-02,0.7643,0.7643,-0.0121,场内买入,场内卖出,
2025-09-01,0.7737,0.7737,0.0219,场内买入,场内卖出,
2025-08-29,0.7571,0.7571,0.0044,场内买入,场内卖出,
2025-08-28,0.7538,0.7538,-0.0097,场内买入,场内卖出,
2025-08-27,0.7612,0.7612,-0.0132,场内买入,场内卖出,
2025-08-26,0.7714,0.7714,-0.0063,场内买入,场内卖出,
2025-08-25,0.7763,0.7763,0.0292,场内买入,场内卖出,
2025-08-22,0.7543,0.7543,0.0274,场内买入,场内卖出,
2025-08-21,0.7342,0.7342,-0.0101,场内买入,场内卖出,
2025-08-20,0.7417,0.7417,0.0023,场内买入,场内卖出,
2025-08-19,0.74,0.74,-0.0052,场内买入,场内卖出,
2025-08-18,0.7439,0.7439,0.0072,场内买入,场内卖出,
2025-08-15,0.7386,0.7386,-0.0044,场内买入,场内卖出,
2025-08-14,0.7419,0.7419,-0.0097,场内买入,场内卖出,
2025-08-13,0.7492,0.7492,0.0345,场内买入,场内卖出,
2025-08-12,0.7242,0.7242,-0.0037,场内买入,场内卖出,
2025-08-11,0.7269,0.7269,0.0001,场内买入,场内卖出,
2025-08-08,0.7268,0.7268,-0.0148,场内买入,场内卖出,
2025-08-07,0.7377,0.7377,0.0018,场内买入,场内卖出,
2025-08-06,0.7364,0.7364,0.0023,场内买入,场内卖出,
2025-08-05,0.7347,0.7347,0.0067,场内买入,场内卖出,
2025-08-04,0.7298,0.7298,0.0146,场内买入,场内卖出,
2025-08-01,0.7193,0.7193,-0.0106,场内买入,场内卖出,
2025-07-31,0.727,0.727,-0.0064,场内买入,场内卖出,
2025-07-30,0.7317,0.7317,-0.0274,场内买入,场内卖出,
2025-07-29,0.7523,0.7523,-0.003,场内买入,场内卖出,
2025-07-28,0.7546,0.7546,-0.0016,场内买入,场内卖出,
2025-07-25,0.7558,0.7558,-0.0111,场内买入,场内卖出,
2025-07-24,0.7643,0.7643,-0.001,场内买入,场内卖出,
2025-07-23,0.7651,0.7651,0.0242,场内买入,场内卖出,
2025-07-22,0.747,0.747,0.003,场内买入,场内卖出,
2025-07-21,0.7448,0.7448,0.0084,场内买入,场内卖出,
2025-07-18,0.7386,0.7386,0.0175,场内买入,场内卖出,
2025-07-17,0.7259,0.7259,0.0044,场内买入,场内卖出,
2025-07-16,0.7227,0.7227,-0.0015,场内买入,场内卖出,
2025-07-15,0.7238,0.7238,0.0277,场内买入,场内卖出,
2025-07-14,0.7043,0.7043,0.0067,场内买入,场内卖出,
2025-07-11,0.6996,0.6996,0.005600000000000001,场内买入,场内卖出,
2025-07-10,0.6957,0.6957,-0.0032,场内买入,场内卖出,
2025-07-09,0.6979,0.6979,-0.0176,场内买入,场内卖出,
2025-07-08,0.7104,0.7104,0.018799999999999997,场内买入,场内卖出,
2025-07-07,0.6973,0.6973,0.0019,场内买入,场内卖出,
2025-07-04,0.696,0.696,-0.0029,场内买入,场内卖出,
2025-07-03,0.698,0.698,-0.0073,场内买入,场内卖出,
2025-07-02,0.7031,0.7031,-0.0062,场内买入,场内卖出,
2025-07-01,0.7075,0.7075,-0.0008,暂停申购,暂停赎回,
2025-06-30,0.7081,0.7081,-0.0076,场内买入,场内卖出,
2025-06-27,0.7135,0.7135,-0.0004,场内买入,场内卖出,
2025-06-26,0.7138,0.7138,-0.0031,场内买入,场内卖出,
2025-06-25,0.716,0.716,0.011699999999999999,场内买入,场内卖出,
2025-06-24,0.7077,0.7077,0.0206,场内买入,场内卖出,
2025-06-23,0.6934,0.6934,0.0106,场内买入,场内卖出,
2025-06-20,0.6861,0.6861,0.008100000000000001,场内买入,场内卖出,
2025-06-19,0.6806,0.6806,-0.0242,场内买入,场内卖出,
2025-06-18,0.6975,0.6975,-0.0147,场内买入,场内卖出,
2025-06-17,0.7079,0.7079,-0.0023,场内买入,场内卖出,
2025-06-16,0.7095,0.7095,0.011699999999999999,场内买入,场内卖出,
2025-06-13,0.7013,0.7013,-0.0178,场内买入,场内卖出,
2025-06-12,0.714,0.714,-0.0222,场内买入,场内卖出,
2025-06-11,0.7302,0.7302,0.0101,场内买入,场内卖出,
2025-06-10,0.7229,0.7229,-0.0086,场内买入,场内卖出,
2025-06-09,0.7292,0.7292,0.0292,场内买入,场内卖出,
2025-06-06,0.7085,0.7085,-0.008,场内买入,场内卖出,
2025-06-05,0.7142,0.7142,0.019,场内买入,场内卖出,
2025-06-04,0.7009,0.7009,0.0059,场内买入,场内卖出,
2025-06-03,0.6968,0.6968,0.0037,场内买入,场内卖出,
2025-05-30,0.6942,0.6942,-0.0253,场内买入,场内卖出,
2025-05-29,0.7122,0.7122,0.024700000000000003,场内买入,场内卖出,
2025-05-28,0.695,0.695,-0.0016,场内买入,场内卖出,
2025-05-27,0.6961,0.6961,0.0053,场内买入,场内卖出,
2025-05-26,0.6924,0.6924,-0.018799999999999997,场内买入,场内卖出,
2025-05-23,0.7057,0.7057,-0.0011,场内买入,场内卖出,
2025-05-22,0.7065,0.7065,-0.0171,场内买入,场内卖出,
2025-05-21,0.7188,0.7188,0.0045000000000000005,场内买入,场内卖出,
2025-05-20,0.7156,0.7156,0.011000000000000001,场内买入,场内卖出,
2025-05-19,0.7078,0.7078,-0.0067,场内买入,场内卖出,
2025-05-16,0.7126,0.7126,-0.0032,场内买入,场内卖出,
2025-05-15,0.7149,0.7149,-0.0165,场内买入,场内卖出,
2025-05-14,0.7269,0.7269,0.0199,场内买入,场内卖出,
2025-05-13,0.7127,0.7127,-0.0345,场内买入,场内卖出,
2025-05-12,0.7382,0.7382,0.0492,场内买入,场内卖出,
2025-05-09,0.7036,0.7036,-0.0104,场内买入,场内卖出,
2025-05-08,0.711,0.711,0.0054,场内买入,场内卖出,
2025-05-07,0.7072,0.7072,-0.0076,场内买入,场内卖出,
2025-05-06,0.7126,0.7126,0.0302,场内买入,场内卖出,
2025-04-30,0.6917,0.6917,0.013000000000000001,场内买入,场内卖出,
2025-04-29,0.6828,0.6828,0.005699999999999999,场内买入,场内卖出,
2025-04-28,0.6789,0.6789,0.001,场内买入,场内卖出,
2025-04-25,0.6782,0.6782,0.0012,场内买入,场内卖出,
2025-04-24,0.6774,0.6774,-0.015300000000000001,场内买入,场内卖出,
2025-04-23,0.6879,0.6879,0.0315,场内买入,场内卖出,
2025-04-22,0.6669,0.6669,0.0026,场内买入,场内卖出,
2025-04-21,0.6652,0.6652,0.0002,暂停申购,暂停赎回,
2025-04-18,0.6651,0.6651,-0.0006,暂停申购,暂停赎回,
2025-04-17,0.6655,0.6655,0.0171,场内买入,场内卖出,
2025-04-16,0.6543,0.6543,-0.035699999999999996,场内买入,场内卖出,
2025-04-15,0.6785,0.6785,-0.0067,场内买入,场内卖出,
2025-04-14,0.6831,0.6831,0.023700000000000002,场内买入,场内卖出,
2025-04-11,0.6673,0.6673,0.0178,场内买入,场内卖出,
2025-04-10,0.6556,0.6556,0.0277,场内买入,场内卖出,
2025-04-09,0.6379,0.6379,0.0279,场内买入,场内卖出,
2025-04-08,0.6206,0.6206,0.0369,场内买入,场内卖出,
2025-04-07,0.5985,0.5985,-0.16620000000000001,场内买入,场内卖出,
2025-04-03,0.7178,0.7178,-0.020099999999999996,场内买入,场内卖出,
2025-04-02,0.7325,0.7325,0.0036,场内买入,场内卖出,
2025-04-01,0.7299,0.7299,0.0021,场内买入,场内卖出,
2025-03-31,0.7284,0.7284,-0.0197,场内买入,场内卖出,
2025-03-28,0.743,0.743,-0.0154,场内买入,场内卖出,
2025-03-27,0.7546,0.7546,0.0032,场内买入,场内卖出,
2025-03-26,0.7522,0.7522,0.009399999999999999,场内买入,场内卖出,
2025-03-25,0.7452,0.7452,-0.0388,场内买入,场内卖出,
2025-03-24,0.7753,0.7753,0.0179,场内买入,场内卖出,
2025-03-21,0.7617,0.7617,-0.0339,场内买入,场内卖出,
2025-03-20,0.7884,0.7884,-0.0332,场内买入,场内卖出,
2025-03-19,0.8155,0.8155,-0.0113,场内买入,场内卖出,
2025-03-18,0.8248,0.8248,0.0405,场内买入,场内卖出,
2025-03-17,0.7927,0.7927,-0.0024,场内买入,场内卖出,
2025-03-14,0.7946,0.7946,0.0233,场内买入,场内卖出,
2025-03-13,0.7765,0.7765,-0.016200000000000003,场内买入,场内卖出,
2025-03-12,0.7893,0.7893,-0.021,场内买入,场内卖出,
2025-03-11,0.8062,0.8062,0.0143,场内买入,场内卖出,
2025-03-10,0.7948,0.7948,-0.025,场内买入,场内卖出,
2025-03-07,0.8152,0.8152,-0.0054,场内买入,场内卖出,
2025-03-06,0.8196,0.8196,0.0533,场内买入,场内卖出,
2025-03-05,0.7781,0.7781,0.04019999999999999,场内买入,场内卖出,
2025-03-04,0.748,0.748,0.0,场内买入,场内卖出,
2025-03-03,0.748,0.748,-0.0058,场内买入,场内卖出,
2025-02-28,0.7524,0.7524,-0.0535,场内买入,场内卖出,
2025-02-27,0.7949,0.7949,-0.0125,场内买入,场内卖出,
2025-02-26,0.805,0.805,0.0452,场内买入,场内卖出,
2025-02-25,0.7702,0.7702,-0.0163,场内买入,场内卖出,
2025-02-24,0.783,0.783,-0.0111,场内买入,场内卖出,
2025-02-21,0.7918,0.7918,0.06509999999999999,场内买入,场内卖出,
2025-02-20,0.7434,0.7434,-0.03,场内买入,场内卖出,
2025-02-19,0.7664,0.7664,0.0063,场内买入,场内卖出,
2025-02-18,0.7616,0.7616,0.0263,场内买入,场内卖出,
2025-02-17,0.7421,0.7421,-0.005,场内买入,场内卖出,
2025-02-14,0.7458,0.7458,0.0556,场内买入,场内卖出,
2025-02-13,0.7065,0.7065,-0.008100000000000001,场内买入,场内卖出,
2025-02-12,0.7123,0.7123,0.0262,场内买入,场内卖出,
2025-02-11,0.6941,0.6941,-0.0271,场内买入,场内卖出,
2025-02-10,0.7134,0.7134,0.0259,场内买入,场内卖出,
2025-02-07,0.6954,0.6954,0.0179,场内买入,场内卖出,
2025-02-06,0.6832,0.6832,0.0258,场内买入,场内卖出,
2025-02-05,0.666,0.666,0.0521,场内买入,场内卖出,
2025-01-27,0.633,0.633,0.0062,场内买入,场内卖出,
2025-01-24,0.6291,0.6291,0.030299999999999997,场内买入,场内卖出,
2025-01-23,0.6106,0.6106,-0.0144,场内买入,场内卖出,
2025-01-22,0.6195,0.6195,-0.0246,场内买入,场内卖出,
2025-01-21,0.6351,0.6351,0.0191,场内买入,场内卖出,
2025-01-20,0.6232,0.6232,0.0262,场内买入,场内卖出,
2025-01-17,0.6073,0.6073,0.013500000000000002,场内买入,场内卖出,
2025-01-16,0.5992,0.5992,0.0125,场内买入,场内卖出,
2025-01-15,0.5918,0.5918,0.0027,场内买入,场内卖出,
2025-01-14,0.5902,0.5902,0.0304,场内买入,场内卖出,
2025-01-13,0.5728,0.5728,-0.01,场内买入,场内卖出,
2025-01-10,0.5786,0.5786,-0.012,场内买入,场内卖出,
2025-01-09,0.5856,0.5856,0.0007000000000000001,场内买入,场内卖出,
2025-01-08,0.5852,0.5852,-0.011200000000000002,场内买入,场内卖出,
2025-01-07,0.5918,0.5918,-0.0087,场内买入,场内卖出,
2025-01-06,0.597,0.597,-0.0018,场内买入,场内卖出,
2025-01-03,0.5981,0.5981,0.0096,场内买入,场内卖出,
2025-01-02,0.5924,0.5924,-0.026000000000000002,场内买入,场内卖出,
2024-12-31,0.6082,0.6082,-0.0067,场内买入,场内卖出,
2024-12-30,0.6123,0.6123,-0.0084,场内买入,场内卖出,
2024-12-27,0.6175,0.6175,0.0062,场内买入,场内卖出,
2024-12-26,0.6137,0.6137,0.0005,暂停申购,暂停赎回,
2024-12-25,0.6134,0.6134,0.0002,暂停申购,暂停赎回,
2024-12-24,0.6133,0.6133,0.011899999999999999,场内买入,场内卖出,
2024-12-23,0.6061,0.6061,0.0025,场内买入,场内卖出,
2024-12-20,0.6046,0.6046,0.001,场内买入,场内卖出,
2024-12-19,0.604,0.604,-0.0064,场内买入,场内卖出,
2024-12-18,0.6079,0.6079,0.0181,场内买入,场内卖出,
2024-12-17,0.5971,0.5971,-0.0053,场内买入,场内卖出,
2024-12-16,0.6003,0.6003,-0.0144,场内买入,场内卖出,
2024-12-13,0.6091,0.6091,-0.0262,场内买入,场内卖出,
2024-12-12,0.6255,0.6255,0.0158,场内买入,场内卖出,
2024-12-11,0.6158,0.6158,-0.0152,场内买入,场内卖出,
2024-12-10,0.6253,0.6253,-0.0131,场内买入,场内卖出,
2024-12-09,0.6336,0.6336,0.0447,场内买入,场内卖出,
2024-12-06,0.6065,0.6065,0.021,场内买入,场内卖出,
2024-12-05,0.594,0.594,-0.008199999999999999,场内买入,场内卖出,
2024-12-04,0.5989,0.5989,-0.0045000000000000005,场内买入,场内卖出,
2024-12-03,0.6016,0.6016,0.004699999999999999,场内买入,场内卖出,
2024-12-02,0.5988,0.5988,0.011699999999999999,场内买入,场内卖出,
2024-11-29,0.5919,0.5919,0.0104,场内买入,场内卖出,
2024-11-28,0.5858,0.5858,-0.016,场内买入,场内卖出,
2024-11-27,0.5953,0.5953,0.0371,场内买入,场内卖出,
2024-11-26,0.574,0.574,-0.003,场内买入,场内卖出,
2024-11-25,0.5757,0.5757,-0.0033,场内买入,场内卖出,
2024-11-22,0.5776,0.5776,-0.025099999999999997,场内买入,场内卖出,
2024-11-21,0.5925,0.5925,-0.0125,场内买入,场内卖出,
2024-11-20,0.6,0.6,0.0042,场内买入,场内卖出,
2024-11-19,0.5975,0.5975,0.0125,场内买入,场内卖出,
2024-11-18,0.5901,0.5901,0.002,场内买入,场内卖出,
2024-11-15,0.5889,0.5889,0.0022,场内买入,场内卖出,
2024-11-14,0.5876,0.5876,-0.0313,场内买入,场内卖出,
2024-11-13,0.6066,0.6066,0.0002,场内买入,场内卖出,
2024-11-12,0.6065,0.6065,-0.039900000000000005,场内买入,场内卖出,
2024-11-11,0.6317,0.6317,0.0014000000000000002,场内买入,场内卖出,
2024-11-08,0.6308,0.6308,-0.0058,场内买入,场内卖出,
2024-11-07,0.6345,0.6345,0.0317,场内买入,场内卖出,
2024-11-06,0.615,0.615,-0.0255,场内买入,场内卖出,
2024-11-05,0.6311,0.6311,0.0332,场内买入,场内卖出,
2024-11-04,0.6108,0.6108,0.0116,场内买入,场内卖出,
2024-11-01,0.6038,0.6038,-0.0054,场内买入,场内卖出,
2024-10-31,0.6071,0.6071,-0.0054,场内买入,场内卖出,
2024-10-30,0.6104,0.6104,-0.022099999999999998,场内买入,场内卖出,
2024-10-29,0.6242,0.6242,0.010700000000000001,场内买入,场内卖出,
2024-10-28,0.6176,0.6176,0.0103,场内买入,场内卖出,
2024-10-25,0.6113,0.6113,0.0092,场内买入,场内卖出,
2024-10-24,0.6057,0.6057,-0.0254,场内买入,场内卖出,
2024-10-23,0.6215,0.6215,0.0192,场内买入,场内卖出,
2024-10-22,0.6098,0.6098,0.009300000000000001,场内买入,场内卖出,
2024-10-21,0.6042,0.6042,-0.0274,场内买入,场内卖出,
2024-10-18,0.6212,0.6212,0.058600000000000006,场内买入,场内卖出,
2024-10-17,0.5868,0.5868,-0.0123,场内买入,场内卖出,
2024-10-16,0.5941,0.5941,-0.006500000000000001,场内买入,场内卖出,
2024-10-15,0.598,0.598,-0.044000000000000004,场内买入,场内卖出,
2024-10-14,0.6255,0.6255,-0.015,场内买入,场内卖出,
2024-10-11,0.635,0.635,0.0002,暂停申购,暂停赎回,
2024-10-10,0.6349,0.6349,0.0235,场内买入,场内卖出,
2024-10-09,0.6203,0.6203,-0.0138,场内买入,场内卖出,
2024-10-08,0.629,0.629,-0.0043,场内买入,场内卖出,
2024-09-30,0.6317,0.6317,0.0669,场内买入,场内卖出,
2024-09-27,0.5921,0.5921,0.0554,场内买入,场内卖出,
2024-09-26,0.561,0.561,0.07490000000000001,场内买入,场内卖出,
2024-09-25,0.5219,0.5219,-0.0017000000000000001,场内买入,场内卖出,
2024-09-24,0.5228,0.5228,0.0592,场内买入,场内卖出,
2024-09-23,0.4936,0.4936,-0.0026,场内买入,场内卖出,
2024-09-20,0.4949,0.4949,0.0096,场内买入,场内卖出,
2024-09-19,0.4902,0.4902,0.034,场内买入,场内卖出,
2024-09-18,0.4741,0.4741,0.015,暂停申购,暂停赎回,
2024-09-13,0.4671,0.4671,-0.0017000000000000001,场内买入,场内卖出,
2024-09-12,0.4679,0.4679,0.0075,场内买入,场内卖出,
2024-09-11,0.4644,0.4644,0.0006,场内买入,场内卖出,
2024-09-10,0.4641,0.4641,0.005600000000000001,场内买入,场内卖出,
2024-09-09,0.4615,0.4615,-0.0143,场内买入,场内卖出,
2024-09-06,0.4682,0.4682,-0.0009,暂停申购,暂停赎回,
2024-09-05,0.4686,0.4686,-0.0002,场内买入,场内卖出,
2024-09-04,0.4687,0.4687,-0.0034000000000000002,场内买入,场内卖出,
2024-09-03,0.4703,0.4703,0.0040999999999999995,场内买入,场内卖出,
2024-09-02,0.4684,0.4684,-0.0223,场内买入,场内卖出,
2024-08-30,0.4791,0.4791,0.026600000000000002,场内买入,场内卖出,
2024-08-29,0.4667,0.4667,0.006,场内买入,场内卖出,
2024-08-28,0.4639,0.4639,-0.0167,场内买入,场内卖出,
2024-08-27,0.4718,0.4718,0.0004,场内买入,场内卖出,
2024-08-26,0.4716,0.4716,0.0068000000000000005,场内买入,场内卖出,
2024-08-23,0.4684,0.4684,-0.009899999999999999,场内买入,场内卖出,
2024-08-22,0.4731,0.4731,0.020099999999999996,场内买入,场内卖出,
2024-08-21,0.4638,0.4638,-0.018799999999999997,场内买入,场内卖出,
2024-08-20,0.4727,0.4727,-0.005699999999999999,场内买入,场内卖出,
2024-08-19,0.4754,0.4754,0.0165,场内买入,场内卖出,
2024-08-16,0.4677,0.4677,0.022099999999999998,场内买入,场内卖出,
2024-08-15,0.4576,0.4576,-0.0040999999999999995,场内买入,场内卖出,
2024-08-14,0.4595,0.4595,-0.0103,场内买入,场内卖出,
2024-08-13,0.4643,0.4643,0.0013,场内买入,场内卖出,
2024-08-12,0.4637,0.4637,-0.0024,场内买入,场内卖出,
2024-08-09,0.4648,0.4648,0.0197,场内买入,场内卖出,
2024-08-08,0.4558,0.4558,-0.0028000000000000004,场内买入,场内卖出,
2024-08-07,0.4571,0.4571,0.012199999999999999,场内买入,场内卖出,
2024-08-06,0.4516,0.4516,-0.0015,场内买入,场内卖出,
2024-08-05,0.4523,0.4523,-0.009399999999999999,场内买入,场内卖出,
2024-08-02,0.4566,0.4566,-0.0254,场内买入,场内卖出,
2024-08-01,0.4685,0.4685,-0.012,场内买入,场内卖出,
2024-07-31,0.4742,0.4742,0.030899999999999997,场内买入,场内卖出,
2024-07-30,0.46,0.46,-0.0152,场内买入,场内卖出,
2024-07-29,0.4671,0.4671,0.0070999999999999995,场内买入,场内卖出,
2024-07-26,0.4638,0.4638,0.0060999999999999995,场内买入,场内卖出,
2024-07-25,0.461,0.461,-0.0206,场内买入,场内卖出,
2024-07-24,0.4707,0.4707,-0.0151,场内买入,场内卖出,
2024-07-23,0.4779,0.4779,-0.0177,场内买入,场内卖出,
2024-07-22,0.4865,0.4865,0.0206,场内买入,场内卖出,
2024-07-19,0.4767,0.4767,-0.021099999999999997,场内买入,场内卖出,
2024-07-18,0.487,0.487,-0.0079,场内买入,场内卖出,
2024-07-17,0.4909,0.4909,0.0051,场内买入,场内卖出,
2024-07-16,0.4884,0.4884,-0.013500000000000002,场内买入,场内卖出,
2024-07-15,0.4951,0.4951,-0.0281,场内买入,场内卖出,
2024-07-12,0.5094,0.5094,0.0233,场内买入,场内卖出,
2024-07-11,0.4978,0.4978,0.026600000000000002,场内买入,场内卖出,
2024-07-10,0.4849,0.4849,0.0004,场内买入,场内卖出,
2024-07-09,0.4847,0.4847,0.0098,场内买入,场内卖出,
2024-07-08,0.48,0.48,-0.0087,场内买入,场内卖出,
2024-07-05,0.4842,0.4842,-0.0149,场内买入,场内卖出,
2024-07-04,0.4915,0.4915,0.0068000000000000005,场内买入,场内卖出,
2024-07-03,0.4882,0.4882,0.0248,场内买入,场内卖出,
2024-07-02,0.4764,0.4764,-0.0044,场内买入,场内卖出,
2024-07-01,0.4785,0.4785,0.0,暂停申购,暂停赎回,
2024-06-30,0.4785,0.4785,0.0,场内买入,场内卖出,
2024-06-28,0.4785,0.4785,-0.009300000000000001,场内买入,场内卖出,
2024-06-27,0.483,0.483,-0.027000000000000003,场内买入,场内卖出,
2024-06-26,0.4964,0.4964,0.0091,场内买入,场内卖出,
2024-06-25,0.4919,0.4919,-0.0060999999999999995,场内买入,场内卖出,
2024-06-24,0.4949,0.4949,-0.0062,场内买入,场内卖出,
2024-06-21,0.498,0.498,-0.0174,场内买入,场内卖出,
2024-06-20,0.5068,0.5068,-0.0163,场内买入,场内卖出,
2024-06-19,0.5152,0.5152,0.037000000000000005,场内买入,场内卖出,
2024-06-18,0.4968,0.4968,-0.0032,场内买入,场内卖出,
2024-06-17,0.4984,0.4984,0.0004,场内买入,场内卖出,
2024-06-14,0.4982,0.4982,-0.0084,场内买入,场内卖出,
2024-06-13,0.5024,0.5024,0.0127,场内买入,场内卖出,
2024-06-12,0.4961,0.4961,-0.015700000000000002,场内买入,场内卖出,
2024-06-11,0.504,0.504,-0.004,场内买入,场内卖出,
2024-06-07,0.506,0.506,-0.0177,场内买入,场内卖出,
2024-06-06,0.5151,0.5151,0.0092,场内买入,场内卖出,
2024-06-05,0.5104,0.5104,0.0045000000000000005,场内买入,场内卖出,
2024-06-04,0.5081,0.5081,0.003,场内买入,场内卖出,
2024-06-03,0.5066,0.5066,0.024900000000000002,场内买入,场内卖出,
2024-05-31,0.4943,0.4943,-0.0173,场内买入,场内卖出,
2024-05-30,0.503,0.503,-0.0034000000000000002,场内买入,场内卖出,
2024-05-29,0.5047,0.5047,-0.0236,场内买入,场内卖出,
2024-05-28,0.5169,0.5169,-0.0017000000000000001,场内买入,场内卖出,
2024-05-27,0.5178,0.5178,0.0163,场内买入,场内卖出,
2024-05-24,0.5095,0.5095,-0.0254,场内买入,场内卖出,
2024-05-23,0.5228,0.5228,-0.0239,场内买入,场内卖出,
2024-05-22,0.5356,0.5356,0.0026,场内买入,场内卖出,
2024-05-21,0.5342,0.5342,-0.0364,场内买入,场内卖出,
2024-05-20,0.5544,0.5544,0.0051,场内买入,场内卖出,
2024-05-17,0.5516,0.5516,0.011200000000000002,场内买入,场内卖出,
2024-05-16,0.5455,0.5455,0.0076,场内买入,场内卖出,
2024-05-15,0.5414,0.5414,0.0,暂停申购,暂停赎回,
2024-05-14,0.5414,0.5414,0.0069,场内买入,场内卖出,
2024-05-13,0.5377,0.5377,0.0141,场内买入,场内卖出,
2024-05-10,0.5302,0.5302,0.0032,场内买入,场内卖出,
2024-05-09,0.5285,0.5285,0.0207,场内买入,场内卖出,
2024-05-08,0.5178,0.5178,-0.0126,场内买入,场内卖出,
2024-05-07,0.5244,0.5244,-0.0227,场内买入,场内卖出,
2024-05-06,0.5366,0.5366,0.08380000000000001,场内买入,场内卖出,
2024-04-30,0.4951,0.4951,-0.003,场内买入,场内卖出,
2024-04-29,0.4966,0.4966,-0.0016,场内买入,场内卖出,
2024-04-26,0.4974,0.4974,0.044500000000000005,场内买入,场内卖出,
2024-04-25,0.4762,0.4762,-0.0044,场内买入,场内卖出,
2024-04-24,0.4783,0.4783,0.0353,场内买入,场内卖出,
2024-04-23,0.462,0.462,0.0326,场内买入,场内卖出,
2024-04-22,0.4474,0.4474,0.0177,场内买入,场内卖出,
2024-04-19,0.4396,0.4396,-0.0229,场内买入,场内卖出,
2024-04-18,0.4499,0.4499,0.004699999999999999,场内买入,场内卖出,
2024-04-17,0.4478,0.4478,0.0004,场内买入,场内卖出,
2024-04-16,0.4476,0.4476,-0.028900000000000002,场内买入,场内卖出,
2024-04-15,0.4609,0.4609,-0.009000000000000001,场内买入,场内卖出,
2024-04-12,0.4651,0.4651,-0.018600000000000002,场内买入,场内卖出,
2024-04-11,0.4739,0.4739,-0.0042,场内买入,场内卖出,
2024-04-10,0.4759,0.4759,0.021,场内买入,场内卖出,
2024-04-09,0.4661,0.4661,0.0097,场内买入,场内卖出,
2024-04-08,0.4616,0.4616,-0.005,场内买入,场内卖出,
2024-04-03,0.4639,0.4639,-0.0213,场内买入,场内卖出,
2024-04-02,0.474,0.474,0.0194,场内买入,场内卖出,
2024-04-01,0.465,0.465,-0.0002,暂停申购,暂停赎回,
2024-03-29,0.4651,0.4651,-0.0004,暂停申购,暂停赎回,
2024-03-28,0.4653,0.4653,0.0242,场内买入,场内卖出,
2024-03-27,0.4543,0.4543,-0.022799999999999997,场内买入,场内卖出,
2024-03-26,0.4649,0.4649,0.0096,场内买入,场内卖出,
2024-03-25,0.4605,0.4605,-0.0052,场内买入,场内卖出,
2024-03-22,0.4629,0.4629,-0.0342,场内买入,场内卖出,
2024-03-21,0.4793,0.4793,0.0086,场内买入,场内卖出,
2024-03-20,0.4752,0.4752,0.0059,场内买入,场内卖出,
2024-03-19,0.4724,0.4724,-0.0173,场内买入,场内卖出,
2024-03-18,0.4807,0.4807,0.012,场内买入,场内卖出,
2024-03-15,0.475,0.475,-0.015300000000000001,场内买入,场内卖出,
2024-03-14,0.4824,0.4824,-0.013500000000000002,场内买入,场内卖出,
2024-03-13,0.489,0.489,0.0029,场内买入,场内卖出,
2024-03-12,0.4876,0.4876,0.0464,场内买入,场内卖出,
2024-03-11,0.466,0.466,0.0282,场内买入,场内卖出,
2024-03-08,0.4532,0.4532,0.008199999999999999,场内买入,场内卖出,
2024-03-07,0.4495,0.4495,-0.0158,场内买入,场内卖出,
2024-03-06,0.4567,0.4567,0.027000000000000003,场内买入,场内卖出,
2024-03-05,0.4447,0.4447,-0.0432,场内买入,场内卖出,
2024-03-04,0.4648,0.4648,-0.0073,场内买入,场内卖出,
2024-03-01,0.4682,0.4682,0.0167,场内买入,场内卖出,
2024-02-29,0.4605,0.4605,0.0007000000000000001,场内买入,场内卖出,
2024-02-28,0.4602,0.4602,-0.0223,场内买入,场内卖出,
2024-02-27,0.4707,0.4707,0.0322,场内买入,场内卖出,
2024-02-26,0.456,0.456,-0.002,场内买入,场内卖出,
2024-02-23,0.4569,0.4569,-0.0031,场内买入,场内卖出,
2024-02-22,0.4583,0.4583,0.0178,场内买入,场内卖出,
2024-02-21,0.4503,0.4503,0.026000000000000002,场内买入,场内卖出,
2024-02-20,0.4389,0.4389,0.0037,场内买入,场内卖出,
2024-02-19,0.4373,0.4373,0.026000000000000002,场内买入,场内卖出,
2024-02-08,0.4262,0.4262,-0.0068000000000000005,场内买入,场内卖出,
2024-02-07,0.4291,0.4291,-0.0165,场内买入,场内卖出,
2024-02-06,0.4363,0.4363,0.067,场内买入,场内卖出,
2024-02-05,0.4089,0.4089,-0.001,场内买入,场内卖出,
2024-02-02,0.4093,0.4093,-0.008,场内买入,场内卖出,
2024-02-01,0.4126,0.4126,0.02,场内买入,场内卖出,
2024-01-31,0.4045,0.4045,-0.030699999999999998,场内买入,场内卖出,
2024-01-30,0.4173,0.4173,-0.0329,场内买入,场内卖出,
2024-01-29,0.4315,0.4315,0.0060999999999999995,场内买入,场内卖出,
2024-01-26,0.4289,0.4289,-0.0368,场内买入,场内卖出,
2024-01-25,0.4453,0.4453,0.0088,场内买入,场内卖出,
2024-01-24,0.4414,0.4414,0.0415,场内买入,场内卖出,
2024-01-23,0.4238,0.4238,0.0362,场内买入,场内卖出,
2024-01-22,0.409,0.409,-0.030299999999999997,场内买入,场内卖出,
2024-01-19,0.4218,0.4218,-0.014499999999999999,场内买入,场内卖出,
2024-01-18,0.428,0.428,0.005600000000000001,场内买入,场内卖出,
2024-01-17,0.4256,0.4256,-0.05,场内买入,场内卖出,
2024-01-16,0.448,0.448,-0.0225,场内买入,场内卖出,
2024-01-15,0.4583,0.4583,-0.019299999999999998,场内买入,场内卖出,
2024-01-12,0.4673,0.4673,-0.0097,场内买入,场内卖出,
2024-01-11,0.4719,0.4719,0.022099999999999998,场内买入,场内卖出,
2024-01-10,0.4617,0.4617,-0.0077,场内买入,场内卖出,
2024-01-09,0.4653,0.4653,-0.0085,场内买入,场内卖出,
2024-01-08,0.4693,0.4693,-0.0304,场内买入,场内卖出,
2024-01-05,0.484,0.484,-0.0171,场内买入,场内卖出,
2024-01-04,0.4924,0.4924,0.0031,场内买入,场内卖出,
2024-01-03,0.4909,0.4909,-0.0152,场内买入,场内卖出,
2024-01-02,0.4985,0.4985,-0.013999999999999999,场内买入,场内卖出,
2023-12-31,0.5056,0.5056,0.0,场内买入,场内卖出,
2023-12-29,0.5056,0.5056,-0.0024,场内买入,场内卖出,
2023-12-28,0.5068,0.5068,0.0337,场内买入,场内卖出,
2023-12-27,0.4903,0.4903,0.0262,场内买入,场内卖出,
2023-12-26,0.4778,0.4778,0.0002,暂停申购,暂停赎回,
2023-12-25,0.4777,0.4777,-0.0002,暂停申购,暂停赎回,
2023-12-22,0.4778,0.4778,-0.044800000000000006,场内买入,场内卖出,
2023-12-21,0.5002,0.5002,-0.0048,场内买入,场内卖出,
2023-12-20,0.5026,0.5026,0.0052,场内买入,场内卖出,
2023-12-19,0.5,0.5,-0.0044,场内买入,场内卖出,
2023-12-18,0.5022,0.5022,-0.0132,场内买入,场内卖出,
2023-12-15,0.5089,0.5089,0.02,场内买入,场内卖出,
2023-12-14,0.4989,0.4989,0.0034000000000000002,场内买入,场内卖出,
2023-12-13,0.4972,0.4972,-0.0127,场内买入,场内卖出,
2023-12-12,0.5036,0.5036,0.0182,场内买入,场内卖出,
2023-12-11,0.4946,0.4946,-0.0102,场内买入,场内卖出,
2023-12-08,0.4997,0.4997,-0.005,场内买入,场内卖出,
2023-12-07,0.5022,0.5022,-0.0055000000000000005,场内买入,场内卖出,
2023-12-06,0.505,0.505,0.0175,场内买入,场内卖出,
2023-12-05,0.4963,0.4963,-0.0196,场内买入,场内卖出,
2023-12-04,0.5062,0.5062,-0.0194,场内买入,场内卖出,
2023-12-01,0.5162,0.5162,-0.0171,场内买入,场内卖出,
2023-11-30,0.5252,0.5252,-0.0042,场内买入,场内卖出,
2023-11-29,0.5274,0.5274,-0.0246,场内买入,场内卖出,
2023-11-28,0.5407,0.5407,-0.008100000000000001,场内买入,场内卖出,
2023-11-27,0.5451,0.5451,0.0028000000000000004,场内买入,场内卖出,
2023-11-24,0.5436,0.5436,-0.0232,场内买入,场内卖出,
2023-11-23,0.5565,0.5565,0.0207,场内买入,场内卖出,
2023-11-22,0.5452,0.5452,-0.0042,场内买入,场内卖出,
2023-11-21,0.5475,0.5475,-0.0123,场内买入,场内卖出,
2023-11-20,0.5543,0.5543,0.0227,场内买入,场内卖出,
2023-11-17,0.542,0.542,-0.0158,场内买入,场内卖出,
2023-11-16,0.5507,0.5507,-0.0192,场内买入,场内卖出,
2023-11-15,0.5615,0.5615,0.044500000000000005,场内买入,场内卖出,
2023-11-14,0.5376,0.5376,-0.0076,场内买入,场内卖出,
2023-11-13,0.5417,0.5417,0.0225,场内买入,场内卖出,
2023-11-10,0.5298,0.5298,-0.032,场内买入,场内卖出,
2023-11-09,0.5473,0.5473,0.0009,场内买入,场内卖出,
2023-11-08,0.5468,0.5468,-0.008199999999999999,场内买入,场内卖出,
2023-11-07,0.5513,0.5513,-0.0102,场内买入,场内卖出,
2023-11-06,0.557,0.557,0.0409,场内买入,场内卖出,
2023-11-03,0.5351,0.5351,0.0318,场内买入,场内卖出,
2023-11-02,0.5186,0.5186,0.0171,场内买入,场内卖出,
2023-11-01,0.5099,0.5099,-0.0025,场内买入,场内卖出,
2023-10-31,0.5112,0.5112,-0.0246,场内买入,场内卖出,
2023-10-30,0.5241,0.5241,0.0126,场内买入,场内卖出,
2023-10-27,0.5176,0.5176,0.0254,场内买入,场内卖出,
2023-10-26,0.5048,0.5048,0.0028000000000000004,场内买入,场内卖出,
2023-10-25,0.5034,0.5034,0.022099999999999998,场内买入,场内卖出,
2023-10-24,0.4925,0.4925,-0.0108,场内买入,场内卖出,
2023-10-23,0.4979,0.4979,-0.0006,暂停申购,暂停赎回,
2023-10-20,0.4982,0.4982,-0.0095,场内买入,场内卖出,
2023-10-19,0.503,0.503,-0.0191,场内买入,场内卖出,
2023-10-18,0.5128,0.5128,-0.018000000000000002,场内买入,场内卖出,
2023-10-17,0.5222,0.5222,0.0069,场内买入,场内卖出,
2023-10-16,0.5186,0.5186,-0.0172,场内买入,场内卖出,
2023-10-13,0.5277,0.5277,-0.0348,场内买入,场内卖出,
2023-10-12,0.5467,0.5467,0.0165,场内买入,场内卖出,
2023-10-11,0.5378,0.5378,0.020099999999999996,场内买入,场内卖出,
2023-10-10,0.5272,0.5272,0.0137,场内买入,场内卖出,
2023-10-09,0.5201,0.5201,0.0113,暂停申购,暂停赎回,
2023-09-28,0.5143,0.5143,-0.013600000000000001,场内买入,场内卖出,
2023-09-27,0.5214,0.5214,0.0027,场内买入,场内卖出,
2023-09-26,0.52,0.52,-0.0161,场内买入,场内卖出,
2023-09-25,0.5285,0.5285,-0.028300000000000002,场内买入,场内卖出,
2023-09-22,0.5439,0.5439,0.037599999999999995,场内买入,场内卖出,
2023-09-21,0.5242,0.5242,-0.0184,场内买入,场内卖出,
2023-09-20,0.534,0.534,-0.0166,场内买入,场内卖出,
2023-09-19,0.543,0.543,0.0006,场内买入,场内卖出,
2023-09-18,0.5427,0.5427,-0.023,场内买入,场内卖出,
2023-09-15,0.5555,0.5555,0.0034000000000000002,场内买入,场内卖出,
2023-09-14,0.5536,0.5536,0.0038,场内买入,场内卖出,
2023-09-13,0.5515,0.5515,-0.006999999999999999,场内买入,场内卖出,
2023-09-12,0.5554,0.5554,-0.005600000000000001,场内买入,场内卖出,
2023-09-11,0.5585,0.5585,-0.0025,场内买入,场内卖出,
2023-09-08,0.5599,0.5599,0.003,暂停申购,暂停赎回,
2023-09-07,0.5582,0.5582,-0.0202,场内买入,场内卖出,
2023-09-06,0.5697,0.5697,-0.0025,场内买入,场内卖出,
2023-09-05,0.5711,0.5711,-0.024900000000000002,场内买入,场内卖出,
2023-09-04,0.5857,0.5857,0.0288,场内买入,场内卖出,
2023-09-01,0.5693,0.5693,0.0005,暂停申购,暂停赎回,
2023-08-31,0.569,0.569,-0.0037,场内买入,场内卖出,
2023-08-30,0.5711,0.5711,-0.009899999999999999,场内买入,场内卖出,
2023-08-29,0.5768,0.5768,0.0245,场内买入,场内卖出,
2023-08-28,0.563,0.563,0.0168,场内买入,场内卖出,
2023-08-25,0.5537,0.5537,-0.0245,场内买入,场内卖出,
2023-08-24,0.5676,0.5676,0.035,场内买入,场内卖出,
2023-08-23,0.5484,0.5484,0.0022,场内买入,场内卖出,
2023-08-22,0.5472,0.5472,0.018799999999999997,场内买入,场内卖出,
2023-08-21,0.5371,0.5371,-0.022000000000000002,场内买入,场内卖出,
2023-08-18,0.5492,0.5492,-0.0362,场内买入,场内卖出,
2023-08-17,0.5698,0.5698,0.008,场内买入,场内卖出,
2023-08-16,0.5653,0.5653,-0.011000000000000001,场内买入,场内卖出,
2023-08-15,0.5716,0.5716,-0.0054,场内买入,场内卖出,
2023-08-14,0.5747,0.5747,-0.0139,场内买入,场内卖出,
2023-08-11,0.5828,0.5828,-0.0239,场内买入,场内卖出,
2023-08-10,0.5971,0.5971,0.0003,场内买入,场内卖出,
2023-08-09,0.5969,0.5969,-0.0012,场内买入,场内卖出,
2023-08-08,0.5976,0.5976,-0.0246,场内买入,场内卖出,
2023-08-07,0.6127,0.6127,-0.0008,场内买入,场内卖出,
2023-08-04,0.6132,0.6132,0.018600000000000002,场内买入,场内卖出,
2023-08-03,0.602,0.602,0.004699999999999999,场内买入,场内卖出,
2023-08-02,0.5992,0.5992,-0.031400000000000004,场内买入,场内卖出,
2023-08-01,0.6186,0.6186,-0.0034999999999999996,场内买入,场内卖出,
2023-07-31,0.6208,0.6208,0.0189,场内买入,场内卖出,
2023-07-28,0.6093,0.6093,0.0287,场内买入,场内卖出,
2023-07-27,0.5923,0.5923,0.030299999999999997,场内买入,场内卖出,
2023-07-26,0.5749,0.5749,-0.0096,场内买入,场内卖出,
2023-07-25,0.5805,0.5805,0.060700000000000004,场内买入,场内卖出,
2023-07-24,0.5473,0.5473,-0.0216,场内买入,场内卖出,
2023-07-21,0.5594,0.5594,0.009000000000000001,场内买入,场内卖出,
2023-07-20,0.5544,0.5544,-0.0118,场内买入,场内卖出,
2023-07-19,0.561,0.561,-0.003,场内买入,场内卖出,
2023-07-18,0.5627,0.5627,-0.022099999999999998,场内买入,场内卖出,
2023-07-17,0.5754,0.5754,0.0009,暂停申购,暂停赎回,
2023-07-14,0.5749,0.5749,-0.0043,场内买入,场内卖出,
2023-07-13,0.5774,0.5774,0.0353,场内买入,场内卖出,
2023-07-12,0.5577,0.5577,0.0179,场内买入,场内卖出,
2023-07-11,0.5479,0.5479,0.0139,场内买入,场内卖出,
2023-07-10,0.5404,0.5404,0.0092,场内买入,场内卖出,
2023-07-07,0.5355,0.5355,-0.0134,场内买入,场内卖出,
2023-07-06,0.5428,0.5428,-0.0138,场内买入,场内卖出,
2023-07-05,0.5504,0.5504,-0.0152,场内买入,场内卖出,
2023-07-04,0.5589,0.5589,0.0040999999999999995,场内买入,场内卖出,
2023-07-03,0.5566,0.5566,0.0353,场内买入,场内卖出,
2023-06-30,0.5376,0.5376,-0.0055000000000000005,场内买入,场内卖出,
2023-06-29,0.5406,0.5406,-0.015700000000000002,场内买入,场内卖出,
2023-06-28,0.5492,0.5492,0.0073,场内买入,场内卖出,
2023-06-27,0.5452,0.5452,0.0258,场内买入,场内卖出,
2023-06-26,0.5315,0.5315,-0.0197,场内买入,场内卖出,
2023-06-21,0.5422,0.5422,-0.0259,场内买入,场内卖出,
2023-06-20,0.5566,0.5566,-0.0182,场内买入,场内卖出,
2023-06-19,0.5669,0.5669,-0.015300000000000001,场内买入,场内卖出,
2023-06-16,0.5757,0.5757,0.0073,场内买入,场内卖出,
2023-06-15,0.5715,0.5715,0.035,场内买入,场内卖出,
2023-06-14,0.5522,0.5522,0.004699999999999999,场内买入,场内卖出,
2023-06-13,0.5496,0.5496,0.028300000000000002,场内买入,场内卖出,
2023-06-12,0.5345,0.5345,0.0038,场内买入,场内卖出,
2023-06-09,0.5325,0.5325,0.0085,场内买入,场内卖出,
2023-06-08,0.528,0.528,-0.0051,场内买入,场内卖出,
2023-06-07,0.5307,0.5307,0.023700000000000002,场内买入,场内卖出,
2023-06-06,0.5184,0.5184,0.0008,场内买入,场内卖出,
2023-06-05,0.518,0.518,0.0025,场内买入,场内卖出,
2023-06-02,0.5167,0.5167,0.0528,场内买入,场内卖出,
2023-06-01,0.4908,0.4908,0.0034999999999999996,场内买入,场内卖出,
2023-05-31,0.4891,0.4891,-0.021,场内买入,场内卖出,
2023-05-30,0.4996,0.4996,0.0192,场内买入,场内卖出,
2023-05-29,0.4902,0.4902,-0.0141,场内买入,场内卖出,
2023-05-26,0.4972,0.4972,0.0024,暂停申购,暂停赎回,
2023-05-25,0.496,0.496,-0.0223,场内买入,场内卖出,
2023-05-24,0.5073,0.5073,-0.0176,场内买入,场内卖出,
2023-05-23,0.5164,0.5164,-0.011699999999999999,场内买入,场内卖出,
2023-05-22,0.5225,0.5225,0.0183,场内买入,场内卖出,
2023-05-19,0.5131,0.5131,-0.0172,场内买入,场内卖出,
2023-05-18,0.5221,0.5221,0.016399999999999998,场内买入,场内卖出,
2023-05-17,0.5137,0.5137,-0.0189,场内买入,场内卖出,
2023-05-16,0.5236,0.5236,0.0069,场内买入,场内卖出,
2023-05-15,0.52,0.52,0.015,场内买入,场内卖出,
2023-05-12,0.5123,0.5123,0.0067,场内买入,场内卖出,
2023-05-11,0.5089,0.5089,0.0121,场内买入,场内卖出,
2023-05-10,0.5028,0.5028,0.0054,场内买入,场内卖出,
2023-05-09,0.5001,0.5001,-0.028399999999999998,场内买入,场内卖出,
2023-05-08,0.5147,0.5147,0.005699999999999999,场内买入,场内卖出,
2023-05-05,0.5118,0.5118,0.0111,场内买入,场内卖出,
2023-05-04,0.5062,0.5062,-0.014199999999999999,场内买入,场内卖出,
2023-04-28,0.5135,0.5135,0.0106,场内买入,场内卖出,
2023-04-27,0.5081,0.5081,-0.0033,场内买入,场内卖出,
2023-04-26,0.5098,0.5098,0.0182,场内买入,场内卖出,
2023-04-25,0.5007,0.5007,-0.0345,场内买入,场内卖出,
2023-04-24,0.5186,0.5186,-0.0013,场内买入,场内卖出,
2023-04-21,0.5193,0.5193,-0.0344,场内买入,场内卖出,
2023-04-20,0.5378,0.5378,0.0028000000000000004,场内买入,场内卖出,
2023-04-19,0.5363,0.5363,-0.025099999999999997,场内买入,场内卖出,
2023-04-18,0.5501,0.5501,-0.0101,场内买入,场内卖出,
2023-04-17,0.5557,0.5557,0.022400000000000003,场内买入,场内卖出,
2023-04-14,0.5435,0.5435,0.0,场内买入,场内卖出,
2023-04-13,0.5435,0.5435,-0.0044,场内买入,场内卖出,
2023-04-12,0.5459,0.5459,-0.0196,场内买入,场内卖出,
2023-04-11,0.5568,0.5568,0.0045000000000000005,场内买入,场内卖出,
2023-04-10,0.5543,0.5543,-0.0011,暂停申购,暂停赎回,
2023-04-07,0.5549,0.5549,0.0013,暂停申购,暂停赎回,
2023-04-06,0.5542,0.5542,0.0011,场内买入,场内卖出,
2023-04-04,0.5536,0.5536,-0.0165,场内买入,场内卖出,
2023-04-03,0.5629,0.5629,0.0009,场内买入,场内卖出,
2023-03-31,0.5624,0.5624,0.005,场内买入,场内卖出,
2023-03-30,0.5596,0.5596,0.0072,场内买入,场内卖出,
2023-03-29,0.5556,0.5556,0.024700000000000003,场内买入,场内卖出,
2023-03-28,0.5422,0.5422,0.0097,场内买入,场内卖出,
2023-03-27,0.537,0.537,-0.0235,场内买入,场内卖出,
2023-03-24,0.5499,0.5499,0.0013,场内买入,场内卖出,
2023-03-23,0.5492,0.5492,0.046900000000000004,场内买入,场内卖出,
2023-03-22,0.5246,0.5246,0.009399999999999999,场内买入,场内卖出,
2023-03-21,0.5197,0.5197,0.026699999999999998,场内买入,场内卖出,
2023-03-20,0.5062,0.5062,-0.0327,场内买入,场内卖出,
2023-03-17,0.5233,0.5233,0.0424,场内买入,场内卖出,
2023-03-16,0.502,0.502,-0.0075,场内买入,场内卖出,
2023-03-15,0.5058,0.5058,0.0146,场内买入,场内卖出,
2023-03-14,0.4985,0.4985,-0.030299999999999997,场内买入,场内卖出,
2023-03-13,0.5141,0.5141,0.024300000000000002,场内买入,场内卖出,
2023-03-10,0.5019,0.5019,-0.0381,场内买入,场内卖出,
2023-03-09,0.5218,0.5218,-0.0127,场内买入,场内卖出,
2023-03-08,0.5285,0.5285,-0.0274,场内买入,场内卖出,
2023-03-07,0.5434,0.5434,-0.01,场内买入,场内卖出,
2023-03-06,0.5489,0.5489,-0.0105,场内买入,场内卖出,
2023-03-03,0.5547,0.5547,0.025099999999999997,场内买入,场内卖出,
2023-03-02,0.5411,0.5411,-0.0226,场内买入,场内卖出,
2023-03-01,0.5536,0.5536,0.064,场内买入,场内卖出,
2023-02-28,0.5203,0.5203,-0.0168,场内买入,场内卖出,
2023-02-27,0.5292,0.5292,0.0038,场内买入,场内卖出,
2023-02-24,0.5272,0.5272,-0.0351,场内买入,场内卖出,
2023-02-23,0.5464,0.5464,0.0158,场内买入,场内卖出,
2023-02-22,0.5379,0.5379,-0.0118,场内买入,场内卖出,
2023-02-21,0.5443,0.5443,-0.0365,场内买入,场内卖出,
2023-02-20,0.5649,0.5649,0.013300000000000001,场内买入,场内卖出,
2023-02-17,0.5575,0.5575,-0.0235,场内买入,场内卖出,
2023-02-16,0.5709,0.5709,0.0231,场内买入,场内卖出,
2023-02-15,0.558,0.558,-0.0084,场内买入,场内卖出,
2023-02-14,0.5627,0.5627,-0.0104,场内买入,场内卖出,
2023-02-13,0.5686,0.5686,0.006500000000000001,场内买入,场内卖出,
2023-02-10,0.5649,0.5649,-0.0461,场内买入,场内卖出,
2023-02-09,0.5922,0.5922,0.034,场内买入,场内卖出,
2023-02-08,0.5727,0.5727,-0.022400000000000003,场内买入,场内卖出,
2023-02-07,0.5858,0.5858,0.0149,场内买入,场内卖出,
2023-02-06,0.5772,0.5772,-0.032,场内买入,场内卖出,
2023-02-03,0.5963,0.5963,-0.0105,场内买入,场内卖出,
2023-02-02,0.6026,0.6026,-0.005,场内买入,场内卖出,
2023-02-01,0.6056,0.6056,0.0315,场内买入,场内卖出,
2023-01-31,0.5871,0.5871,-0.009300000000000001,场内买入,场内卖出,
2023-01-30,0.5926,0.5926,0.0017000000000000001,场内买入,场内卖出,
2023-01-20,0.5916,0.5916,0.0262,场内买入,场内卖出,
2023-01-19,0.5765,0.5765,-0.016200000000000003,场内买入,场内卖出,
2023-01-18,0.586,0.586,0.0098,场内买入,场内卖出,
2023-01-17,0.5803,0.5803,0.0,场内买入,场内卖出,
2023-01-16,0.5803,0.5803,-0.013600000000000001,场内买入,场内卖出,
2023-01-13,0.5883,0.5883,0.0096,场内买入,场内卖出,
2023-01-12,0.5827,0.5827,-0.014499999999999999,场内买入,场内卖出,
2023-01-11,0.5913,0.5913,-0.0008,场内买入,场内卖出,
2023-01-10,0.5918,0.5918,-0.0123,场内买入,场内卖出,
2023-01-09,0.5992,0.5992,0.0227,场内买入,场内卖出,
2023-01-06,0.5859,0.5859,-0.014499999999999999,场内买入,场内卖出,
2023-01-05,0.5945,0.5945,0.0121,场内买入,场内卖出,
2023-01-04,0.5874,0.5874,0.0393,场内买入,场内卖出,
2023-01-03,0.5652,0.5652,0.0213,场内买入,场内卖出,
2022-12-31,0.5534,0.5534,0.0,场内买入,场内卖出,
2022-12-30,0.5534,0.5534,0.0025,场内买入,场内卖出,
2022-12-29,0.552,0.552,-0.0227,场内买入,场内卖出,
2022-12-28,0.5648,0.5648,0.0241,场内买入,场内卖出,
2022-12-27,0.5515,0.5515,-0.0036,暂停申购,暂停赎回,
2022-12-26,0.5535,0.5535,-0.0011,暂停申购,暂停赎回,
2022-12-23,0.5541,0.5541,-0.0202,场内买入,场内卖出,
2022-12-22,0.5655,0.5655,0.047,场内买入,场内卖出,
2022-12-21,0.5401,0.5401,0.003,场内买入,场内卖出,
2022-12-20,0.5385,0.5385,-0.028999999999999998,场内买入,场内卖出,
2022-12-19,0.5546,0.5546,-0.0072,场内买入,场内卖出,
2022-12-16,0.5586,0.5586,0.009399999999999999,场内买入,场内卖出,
2022-12-15,0.5534,0.5534,-0.026600000000000002,场内买入,场内卖出,
2022-12-14,0.5685,0.5685,0.0,场内买入,场内卖出,
2022-12-13,0.5685,0.5685,0.011899999999999999,场内买入,场内卖出,
2022-12-12,0.5618,0.5618,-0.041299999999999996,场内买入,场内卖出,
2022-12-09,0.586,0.586,0.023799999999999998,场内买入,场内卖出,
2022-12-08,0.5724,0.5724,0.0588,场内买入,场内卖出,
2022-12-07,0.5406,0.5406,-0.0364,场内买入,场内卖出,
2022-12-06,0.561,0.561,-0.0252,场内买入,场内卖出,
2022-12-05,0.5755,0.5755,0.08810000000000001,场内买入,场内卖出,
2022-12-02,0.5289,0.5289,0.0038,场内买入,场内卖出,
2022-12-01,0.5269,0.5269,0.005,场内买入,场内卖出,
2022-11-30,0.5243,0.5243,0.0246,场内买入,场内卖出,
2022-11-29,0.5117,0.5117,0.0825,场内买入,场内卖出,
2022-11-28,0.4727,0.4727,-0.016,场内买入,场内卖出,
2022-11-25,0.4804,0.4804,-0.02,场内买入,场内卖出,
2022-11-24,0.4902,0.4902,0.0066,场内买入,场内卖出,
2022-11-23,0.487,0.487,0.0039000000000000003,场内买入,场内卖出,
2022-11-22,0.4851,0.4851,-0.0239,场内买入,场内卖出,
2022-11-21,0.497,0.497,-0.026600000000000002,场内买入,场内卖出,
2022-11-18,0.5106,0.5106,0.0111,场内买入,场内卖出,
2022-11-17,0.505,0.505,-0.0175,场内买入,场内卖出,
2022-11-16,0.514,0.514,-0.0016,场内买入,场内卖出,
2022-11-15,0.5148,0.5148,0.0661,场内买入,场内卖出,
2022-11-14,0.4829,0.4829,0.0044,场内买入,场内卖出,
2022-11-11,0.4808,0.4808,0.0942,场内买入,场内卖出,
2022-11-10,0.4394,0.4394,-0.03,场内买入,场内卖出,
2022-11-09,0.453,0.453,-0.0184,场内买入,场内卖出,
2022-11-08,0.4615,0.4615,-0.0175,场内买入,场内卖出,
2022-11-07,0.4697,0.4697,0.0366,场内买入,场内卖出,
2022-11-04,0.4531,0.4531,0.07730000000000001,场内买入,场内卖出,
2022-11-03,0.4206,0.4206,-0.0347,场内买入,场内卖出,
2022-11-02,0.4357,0.4357,0.0278,场内买入,场内卖出,
2022-11-01,0.4239,0.4239,0.083,场内买入,场内卖出,
2022-10-31,0.3914,0.3914,0.0111,场内买入,场内卖出,
2022-10-28,0.3871,0.3871,-0.054000000000000006,场内买入,场内卖出,
2022-10-27,0.4092,0.4092,0.0101,场内买入,场内卖出,
2022-10-26,0.4051,0.4051,0.023799999999999998,场内买入,场内卖出,
2022-10-25,0.3957,0.3957,0.0361,场内买入,场内卖出,
2022-10-24,0.3819,0.3819,-0.09630000000000001,场内买入,场内卖出,
2022-10-21,0.4226,0.4226,-0.0063,场内买入,场内卖出,
2022-10-20,0.4253,0.4253,-0.023,场内买入,场内卖出,
2022-10-19,0.4353,0.4353,-0.0416,场内买入,场内卖出,
2022-10-18,0.4542,0.4542,0.042699999999999995,场内买入,场内卖出,
2022-10-17,0.4356,0.4356,-0.0021,场内买入,场内卖出,
2022-10-14,0.4365,0.4365,0.0154,场内买入,场内卖出,
2022-10-13,0.4299,0.4299,-0.0344,场内买入,场内卖出,
2022-10-12,0.4452,0.4452,-0.0022,场内买入,场内卖出,
2022-10-11,0.4462,0.4462,-0.0342,场内买入,场内卖出,
2022-10-10,0.462,0.462,-0.0151,场内买入,场内卖出,
2022-09-30,0.4691,0.4691,-0.011000000000000001,场内买入,场内卖出,
2022-09-29,0.4743,0.4743,-0.0123,场内买入,场内卖出,
2022-09-28,0.4802,0.4802,-0.0332,场内买入,场内卖出,
2022-09-27,0.4967,0.4967,0.011000000000000001,场内买入,场内卖出,
2022-09-26,0.4913,0.4913,0.0216,场内买入,场内卖出,
2022-09-23,0.4809,0.4809,-0.021400000000000002,场内买入,场内卖出,
2022-09-22,0.4914,0.4914,-0.013300000000000001,场内买入,场内卖出,
2022-09-21,0.498,0.498,-0.0294,场内买入,场内卖出,
2022-09-20,0.5131,0.5131,0.0209,场内买入,场内卖出,
2022-09-19,0.5026,0.5026,-0.0191,场内买入,场内卖出,
2022-09-16,0.5124,0.5124,-0.023799999999999998,场内买入,场内卖出,
2022-09-15,0.5249,0.5249,0.0023,场内买入,场内卖出,
2022-09-14,0.5237,0.5237,-0.0259,场内买入,场内卖出,
2022-09-13,0.5376,0.5376,-0.0043,场内买入,场内卖出,
2022-09-09,0.5399,0.5399,0.025099999999999997,场内买入,场内卖出,
2022-09-08,0.5267,0.5267,-0.0101,场内买入,场内卖出,
2022-09-07,0.5321,0.5321,-0.0123,场内买入,场内卖出,
2022-09-06,0.5387,0.5387,0.0015,场内买入,场内卖出,
2022-09-05,0.5379,0.5379,-0.018799999999999997,场内买入,场内卖出,
2022-09-02,0.5482,0.5482,-0.0128,场内买入,场内卖出,
2022-09-01,0.5553,0.5553,-0.0175,场内买入,场内卖出,
2022-08-31,0.5652,0.5652,0.012,场内买入,场内卖出,
2022-08-30,0.5585,0.5585,-0.0036,场内买入,场内卖出,
2022-08-29,0.5605,0.5605,-0.009399999999999999,场内买入,场内卖出,
2022-08-26,0.5658,0.5658,0.0069,场内买入,场内卖出,
2022-08-25,0.5619,0.5619,0.062400000000000004,暂停申购,暂停赎回,
2022-08-24,0.5289,0.5289,-0.0297,场内买入,场内卖出,
2022-08-23,0.5451,0.5451,0.0024,场内买入,场内卖出,
2022-08-22,0.5438,0.5438,-0.008,场内买入,场内卖出,
2022-08-19,0.5482,0.5482,0.0033,场内买入,场内卖出,
2022-08-18,0.5464,0.5464,-0.0123,场内买入,场内卖出,
2022-08-17,0.5532,0.5532,0.0058,场内买入,场内卖出,
2022-08-16,0.55,0.55,-0.0159,场内买入,场内卖出,
2022-08-15,0.5589,0.5589,-0.0092,场内买入,场内卖出,
2022-08-12,0.5641,0.5641,0.0075,场内买入,场内卖出,
2022-08-11,0.5599,0.5599,0.0326,场内买入,场内卖出,
2022-08-10,0.5422,0.5422,-0.0278,场内买入,场内卖出,
2022-08-09,0.5577,0.5577,-0.0108,场内买入,场内卖出,
2022-08-08,0.5638,0.5638,-0.0138,场内买入,场内卖出,
2022-08-05,0.5717,0.5717,0.0042,场内买入,场内卖出,
2022-08-04,0.5693,0.5693,0.0291,场内买入,场内卖出,
2022-08-03,0.5532,0.5532,0.0182,场内买入,场内卖出,
2022-08-02,0.5433,0.5433,-0.0302,场内买入,场内卖出,
2022-08-01,0.5602,0.5602,0.0004,场内买入,场内卖出,
2022-07-29,0.56,0.56,-0.048600000000000004,场内买入,场内卖出,
2022-07-28,0.5886,0.5886,-0.0008,场内买入,场内卖出,
2022-07-27,0.5891,0.5891,-0.0097,场内买入,场内卖出,
2022-07-26,0.5949,0.5949,0.0131,场内买入,场内卖出,
2022-07-25,0.5872,0.5872,-0.0139,场内买入,场内卖出,
2022-07-22,0.5955,0.5955,0.002,场内买入,场内卖出,
2022-07-21,0.5943,0.5943,0.0034000000000000002,场内买入,场内卖出,
2022-07-20,0.5923,0.5923,0.0158,场内买入,场内卖出,
2022-07-19,0.5831,0.5831,-0.015,场内买入,场内卖出,
2022-07-18,0.592,0.592,0.0292,场内买入,场内卖出,
2022-07-15,0.5752,0.5752,-0.028900000000000002,场内买入,场内卖出,
2022-07-14,0.5923,0.5923,0.008199999999999999,场内买入,场内卖出,
2022-07-13,0.5875,0.5875,0.0053,场内买入,场内卖出,
2022-07-12,0.5844,0.5844,-0.0163,场内买入,场内卖出,
2022-07-11,0.5941,0.5941,-0.0407,场内买入,场内卖出,
2022-07-08,0.6193,0.6193,0.0054,场内买入,场内卖出,
2022-07-07,0.616,0.616,-0.0058,场内买入,场内卖出,
2022-07-06,0.6196,0.6196,-0.0085,场内买入,场内卖出,
2022-07-05,0.6249,0.6249,-0.006,场内买入,场内卖出,
2022-07-04,0.6287,0.6287,0.0059,场内买入,场内卖出,
2022-07-01,0.625,0.625,-0.0037,暂停申购,暂停赎回,
2022-06-30,0.6273,0.6273,-0.0126,场内买入,场内卖出,
2022-06-29,0.6353,0.6353,-0.031400000000000004,场内买入,场内卖出,
2022-06-28,0.6559,0.6559,0.0074,场内买入,场内卖出,
2022-06-27,0.6511,0.6511,0.0453,场内买入,场内卖出,
2022-06-24,0.6229,0.6229,0.039,场内买入,场内卖出,
2022-06-23,0.5995,0.5995,0.0223,场内买入,场内卖出,
2022-06-22,0.5864,0.5864,-0.0401,场内买入,场内卖出,
2022-06-21,0.6109,0.6109,0.0182,场内买入,场内卖出,
2022-06-20,0.6,0.6,0.0037,场内买入,场内卖出,
2022-06-17,0.5978,0.5978,0.0207,场内买入,场内卖出,
2022-06-16,0.5857,0.5857,-0.0392,场内买入,场内卖出,
2022-06-15,0.6096,0.6096,0.024399999999999998,场内买入,场内卖出,
2022-06-14,0.5951,0.5951,0.004,场内买入,场内卖出,
2022-06-13,0.5927,0.5927,-0.0453,场内买入,场内卖出,
2022-06-10,0.6208,0.6208,0.0187,场内买入,场内卖出,
2022-06-09,0.6094,0.6094,-0.012,场内买入,场内卖出,
2022-06-08,0.6168,0.6168,0.047400000000000005,场内买入,场内卖出,
2022-06-07,0.5889,0.5889,-0.0015,场内买入,场内卖出,
2022-06-06,0.5898,0.5898,0.0406,场内买入,场内卖出,
2022-06-02,0.5668,0.5668,-0.0011,场内买入,场内卖出,
2022-06-01,0.5674,0.5674,-0.011200000000000002,场内买入,场内卖出,
2022-05-31,0.5738,0.5738,0.0239,场内买入,场内卖出,
2022-05-30,0.5604,0.5604,0.034300000000000004,场内买入,场内卖出,
2022-05-27,0.5418,0.5418,0.048799999999999996,场内买入,场内卖出,
2022-05-26,0.5166,0.5166,0.0008,场内买入,场内卖出,
2022-05-25,0.5162,0.5162,0.0023,场内买入,场内卖出,
2022-05-24,0.515,0.515,-0.0377,场内买入,场内卖出,
2022-05-23,0.5352,0.5352,-0.0355,场内买入,场内卖出,
2022-05-20,0.5549,0.5549,0.0472,场内买入,场内卖出,
2022-05-19,0.5299,0.5299,-0.0364,场内买入,场内卖出,
2022-05-18,0.5499,0.5499,-0.0095,场内买入,场内卖出,
2022-05-17,0.5552,0.5552,0.0575,场内买入,场内卖出,
2022-05-16,0.525,0.525,0.0,场内买入,场内卖出,
2022-05-13,0.525,0.525,0.053399999999999996,场内买入,场内卖出,
2022-05-12,0.4984,0.4984,-0.0375,场内买入,场内卖出,
2022-05-11,0.5178,0.5178,0.0311,场内买入,场内卖出,
2022-05-10,0.5022,0.5022,-0.028300000000000002,场内买入,场内卖出,
2022-05-09,0.5168,0.5168,0.0086,暂停申购,暂停赎回,
2022-05-06,0.5124,0.5124,-0.0421,场内买入,场内卖出,
2022-05-05,0.5349,0.5349,-0.0546,场内买入,场内卖出,
2022-04-29,0.5658,0.5658,0.1075,场内买入,场内卖出,
2022-04-28,0.5109,0.5109,0.022000000000000002,场内买入,场内卖出,
2022-04-27,0.4999,0.4999,0.0169,场内买入,场内卖出,
2022-04-26,0.4916,0.4916,0.0393,场内买入,场内卖出,
2022-04-25,0.473,0.473,-0.0444,场内买入,场内卖出,
2022-04-22,0.495,0.495,0.0104,场内买入,场内卖出,
2022-04-21,0.4899,0.4899,-0.032799999999999996,场内买入,场内卖出,
2022-04-20,0.5065,0.5065,-0.0008,场内买入,场内卖出,
2022-04-19,0.5069,0.5069,-0.0383,场内买入,场内卖出,
2022-04-18,0.5271,0.5271,-0.0021,暂停申购,暂停赎回,
2022-04-15,0.5282,0.5282,0.0051,暂停申购,暂停赎回,
2022-04-14,0.5255,0.5255,0.0084,场内买入,场内卖出,
2022-04-13,0.5211,0.5211,0.0034999999999999996,场内买入,场内卖出,
2022-04-12,0.5193,0.5193,0.0172,场内买入,场内卖出,
2022-04-11,0.5105,0.5105,-0.0529,场内买入,场内卖出,
2022-04-08,0.539,0.539,-0.011000000000000001,场内买入,场内卖出,
2022-04-07,0.545,0.545,-0.027000000000000003,场内买入,场内卖出,
2022-04-06,0.5601,0.5601,0.0173,场内买入,场内卖出,
2022-04-01,0.5506,0.5506,-0.0076,场内买入,场内卖出,
2022-03-31,0.5548,0.5548,-0.0151,场内买入,场内卖出,
2022-03-30,0.5633,0.5633,0.0023,场内买入,场内卖出,
2022-03-29,0.562,0.562,0.0235,场内买入,场内卖出,
2022-03-28,0.5491,0.5491,0.0262,场内买入,场内卖出,
2022-03-25,0.5351,0.5351,-0.048499999999999995,场内买入,场内卖出,
2022-03-24,0.5624,0.5624,-0.0277,场内买入,场内卖出,
2022-03-23,0.5784,0.5784,0.018000000000000002,场内买入,场内卖出,
2022-03-22,0.5682,0.5682,0.0524,场内买入,场内卖出,
2022-03-21,0.5399,0.5399,-0.011699999999999999,场内买入,场内卖出,
2022-03-18,0.5463,0.5463,-0.0183,场内买入,场内卖出,
2022-03-17,0.5565,0.5565,0.0702,场内买入,场内卖出,
2022-03-16,0.52,0.52,0.22440000000000002,场内买入,场内卖出,
2022-03-15,0.4247,0.4247,-0.0771,场内买入,场内卖出,
2022-03-14,0.4602,0.4602,-0.1081,场内买入,场内卖出,
2022-03-11,0.516,0.516,-0.0404,场内买入,场内卖出,
2022-03-10,0.5377,0.5377,0.0084,场内买入,场内卖出,
2022-03-09,0.5332,0.5332,0.0019,场内买入,场内卖出,
2022-03-08,0.5322,0.5322,-0.036000000000000004,场内买入,场内卖出,
2022-03-07,0.5521,0.5521,-0.0425,场内买入,场内卖出,
2022-03-04,0.5766,0.5766,-0.0412,场内买入,场内卖出,
2022-03-03,0.6014,0.6014,-0.0167,场内买入,场内卖出,
2022-03-02,0.6116,0.6116,-0.0216,场内买入,场内卖出,
2022-03-01,0.6251,0.6251,0.0029,场内买入,场内卖出,
2022-02-28,0.6233,0.6233,-0.001,场内买入,场内卖出,
2022-02-25,0.6239,0.6239,0.0091,场内买入,场内卖出,
2022-02-24,0.6183,0.6183,-0.044199999999999996,场内买入,场内卖出,
2022-02-23,0.6469,0.6469,0.0109,场内买入,场内卖出,
2022-02-22,0.6399,0.6399,-0.0177,场内买入,场内卖出,
2022-02-21,0.6514,0.6514,-0.027000000000000003,场内买入,场内卖出,
2022-02-18,0.6695,0.6695,-0.031400000000000004,场内买入,场内卖出,
2022-02-17,0.6912,0.6912,0.0058,场内买入,场内卖出,
2022-02-16,0.6872,0.6872,0.0199,场内买入,场内卖出,
2022-02-15,0.6738,0.6738,-0.0019,场内买入,场内卖出,
2022-02-14,0.6751,0.6751,-0.0178,场内买入,场内卖出,
2022-02-11,0.6873,0.6873,-0.0124,场内买入,场内卖出,
2022-02-10,0.6959,0.6959,0.0049,场内买入,场内卖出,
2022-02-09,0.6925,0.6925,0.0379,场内买入,场内卖出,
2022-02-08,0.6672,0.6672,-0.0169,场内买入,场内卖出,
2022-02-07,0.6787,0.6787,0.0424,场内买入,场内卖出,
2022-01-28,0.6511,0.6511,-0.0124,场内买入,场内卖出,
2022-01-27,0.6593,0.6593,-0.037000000000000005,场内买入,场内卖出,
2022-01-26,0.6846,0.6846,0.005699999999999999,场内买入,场内卖出,
2022-01-25,0.6807,0.6807,-0.0263,场内买入,场内卖出,
2022-01-24,0.6991,0.6991,-0.0294,场内买入,场内卖出,
2022-01-21,0.7203,0.7203,-0.0043,场内买入,场内卖出,
2022-01-20,0.7234,0.7234,0.0434,场内买入,场内卖出,
2022-01-19,0.6933,0.6933,-0.0087,场内买入,场内卖出,
2022-01-18,0.6994,0.6994,-0.0064,场内买入,场内卖出,
2022-01-17,0.7039,0.7039,-0.0089,场内买入,场内卖出,
2022-01-14,0.7102,0.7102,-0.0021,场内买入,场内卖出,
2022-01-13,0.7117,0.7117,-0.018799999999999997,场内买入,场内卖出,
2022-01-12,0.7253,0.7253,0.0493,场内买入,场内卖出,
2022-01-11,0.6912,0.6912,-0.0001,场内买入,场内卖出,
2022-01-10,0.6913,0.6913,0.021099999999999997,场内买入,场内卖出,
2022-01-07,0.677,0.677,0.02,场内买入,场内卖出,
2022-01-06,0.6637,0.6637,0.012199999999999999,场内买入,场内卖出,
2022-01-05,0.6557,0.6557,-0.046,场内买入,场内卖出,
2022-01-04,0.6873,0.6873,-0.0159,场内买入,场内卖出,
2021-12-31,0.6984,0.6984,0.0379,场内买入,场内卖出,
2021-12-30,0.6729,0.6729,0.0,场内买入,场内卖出,
2021-12-29,0.6729,0.6729,-0.0177,场内买入,场内卖出,
2021-12-28,0.685,0.685,-0.008100000000000001,场内买入,场内卖出,
2021-12-27,0.6906,0.6906,-0.0001,暂停申购,暂停赎回,
2021-12-24,0.6907,0.6907,-0.0027,暂停申购,暂停赎回,
2021-12-23,0.6926,0.6926,-0.0086,场内买入,场内卖出,
2021-12-22,0.6986,0.6986,0.0128,场内买入,场内卖出,
2021-12-21,0.6898,0.6898,0.0176,场内买入,场内卖出,
2021-12-20,0.6779,0.6779,-0.0277,场内买入,场内卖出,
2021-12-17,0.6972,0.6972,-0.025,场内买入,场内卖出,
2021-12-16,0.7151,0.7151,0.0031,场内买入,场内卖出,
2021-12-15,0.7129,0.7129,-0.013999999999999999,场内买入,场内卖出,
2021-12-14,0.723,0.723,-0.023,场内买入,场内卖出,
2021-12-13,0.74,0.74,-0.0028000000000000004,场内买入,场内卖出,
2021-12-10,0.7421,0.7421,-0.0078000000000000005,场内买入,场内卖出,
2021-12-09,0.7479,0.7479,0.0195,场内买入,场内卖出,
2021-12-08,0.7336,0.7336,-0.0005,场内买入,场内卖出,
2021-12-07,0.734,0.734,0.0408,场内买入,场内卖出,
2021-12-06,0.7052,0.7052,-0.0333,场内买入,场内卖出,
2021-12-03,0.7295,0.7295,-0.014499999999999999,场内买入,场内卖出,
2021-12-02,0.7402,0.7402,-0.0058,场内买入,场内卖出,
2021-12-01,0.7445,0.7445,0.0038,场内买入,场内卖出,
2021-11-30,0.7417,0.7417,-0.0129,场内买入,场内卖出,
2021-11-29,0.7514,0.7514,-0.009399999999999999,场内买入,场内卖出,
2021-11-26,0.7585,0.7585,-0.0322,场内买入,场内卖出,
2021-11-25,0.7837,0.7837,0.010700000000000001,场内买入,场内卖出,
2021-11-24,0.7754,0.7754,-0.0054,场内买入,场内卖出,
2021-11-23,0.7796,0.7796,-0.0139,场内买入,场内卖出,
2021-11-22,0.7906,0.7906,-0.0049,场内买入,场内卖出,
2021-11-19,0.7945,0.7945,-0.002,场内买入,场内卖出,
2021-11-18,0.7961,0.7961,-0.0313,场内买入,场内卖出,
2021-11-17,0.8218,0.8218,-0.0058,场内买入,场内卖出,
2021-11-16,0.8266,0.8266,0.0175,场内买入,场内卖出,
2021-11-15,0.8124,0.8124,0.0026,场内买入,场内卖出,
2021-11-12,0.8103,0.8103,0.0144,场内买入,场内卖出,
2021-11-11,0.7988,0.7988,0.0208,场内买入,场内卖出,
2021-11-10,0.7825,0.7825,0.0207,场内买入,场内卖出,
2021-11-09,0.7666,0.7666,0.0029,场内买入,场内卖出,
2021-11-08,0.7644,0.7644,-0.013300000000000001,场内买入,场内卖出,
2021-11-05,0.7747,0.7747,-0.0144,场内买入,场内卖出,
2021-11-04,0.786,0.786,0.0134,场内买入,场内卖出,
2021-11-03,0.7756,0.7756,-0.0051,场内买入,场内卖出,
2021-11-02,0.7796,0.7796,0.0017000000000000001,场内买入,场内卖出,
2021-11-01,0.7783,0.7783,-0.010700000000000001,场内买入,场内卖出,
2021-10-29,0.7867,0.7867,-0.0116,场内买入,场内卖出,
2021-10-28,0.7959,0.7959,0.002,场内买入,场内卖出,
2021-10-27,0.7943,0.7943,-0.0322,场内买入,场内卖出,
2021-10-26,0.8207,0.8207,-0.014199999999999999,场内买入,场内卖出,
2021-10-25,0.8325,0.8325,-0.0031,场内买入,场内卖出,
2021-10-22,0.8351,0.8351,0.0194,场内买入,场内卖出,
2021-10-21,0.8192,0.8192,-0.010700000000000001,场内买入,场内卖出,
2021-10-20,0.8281,0.8281,0.0225,场内买入,场内卖出,
2021-10-19,0.8099,0.8099,0.03,场内买入,场内卖出,
2021-10-18,0.7863,0.7863,-0.0003,场内买入,场内卖出,
2021-10-15,0.7865,0.7865,0.018000000000000002,场内买入,场内卖出,
2021-10-14,0.7726,0.7726,-0.0028000000000000004,暂停申购,暂停赎回,
2021-10-13,0.7748,0.7748,0.0026,场内买入,场内卖出,
2021-10-12,0.7728,0.7728,-0.0311,场内买入,场内卖出,
2021-10-11,0.7976,0.7976,0.0286,场内买入,场内卖出,
2021-10-08,0.7754,0.7754,0.0124,场内买入,场内卖出,
2021-09-30,0.7659,0.7659,-0.0096,场内买入,场内卖出,
2021-09-29,0.7733,0.7733,-0.0069,场内买入,场内卖出,
2021-09-28,0.7787,0.7787,0.019,场内买入,场内卖出,
2021-09-27,0.7642,0.7642,-0.0070999999999999995,场内买入,场内卖出,
2021-09-24,0.7697,0.7697,-0.023799999999999998,场内买入,场内卖出,
2021-09-23,0.7885,0.7885,0.0097,场内买入,场内卖出,
2021-09-22,0.7809,0.7809,-0.0297,暂停申购,暂停赎回,
2021-09-17,0.8048,0.8048,0.0374,场内买入,场内卖出,
2021-09-16,0.7758,0.7758,-0.0131,场内买入,场内卖出,
2021-09-15,0.7861,0.7861,-0.030600000000000002,场内买入,场内卖出,
2021-09-14,0.8109,0.8109,-0.013999999999999999,场内买入,场内卖出,
2021-09-13,0.8224,0.8224,-0.023700000000000002,场内买入,场内卖出,
2021-09-10,0.8424,0.8424,0.0271,场内买入,场内卖出,
2021-09-09,0.8202,0.8202,-0.044800000000000006,场内买入,场内卖出,
2021-09-08,0.8587,0.8587,-0.0003,场内买入,场内卖出,
2021-09-07,0.859,0.859,0.0152,场内买入,场内卖出,
2021-09-06,0.8461,0.8461,0.0051,场内买入,场内卖出,
2021-09-03,0.8418,0.8418,-0.0102,场内买入,场内卖出,
2021-09-02,0.8505,0.8505,0.0147,场内买入,场内卖出,
2021-09-01,0.8382,0.8382,0.0139,场内买入,场内卖出,
2021-08-31,0.8267,0.8267,0.0338,场内买入,场内卖出,
2021-08-30,0.7997,0.7997,0.0079,场内买入,场内卖出,
2021-08-27,0.7934,0.7934,-0.0013,场内买入,场内卖出,
2021-08-26,0.7944,0.7944,-0.0179,场内买入,场内卖出,
2021-08-25,0.8089,0.8089,0.0014000000000000002,场内买入,场内卖出,
2021-08-24,0.8078,0.8078,0.0664,场内买入,场内卖出,
2021-08-23,0.7575,0.7575,0.0212,场内买入,场内卖出,
2021-08-20,0.7418,0.7418,-0.022000000000000002,场内买入,场内卖出,
2021-08-19,0.7585,0.7585,-0.0288,场内买入,场内卖出,
2021-08-18,0.781,0.781,0.0024,场内买入,场内卖出,
2021-08-17,0.7791,0.7791,-0.03,场内买入,场内卖出,
2021-08-16,0.8032,0.8032,-0.0263,场内买入,场内卖出,
2021-08-13,0.8249,0.8249,-0.0184,场内买入,场内卖出,
2021-08-12,0.8404,0.8404,-0.015,场内买入,场内卖出,
2021-08-11,0.8532,0.8532,-0.0014000000000000002,场内买入,场内卖出,
2021-08-10,0.8544,0.8544,0.0236,场内买入,场内卖出,
2021-08-09,0.8347,0.8347,-0.0022,场内买入,场内卖出,
2021-08-06,0.8365,0.8365,-0.0037,场内买入,场内卖出,
2021-08-05,0.8396,0.8396,-0.019799999999999998,场内买入,场内卖出,
2021-08-04,0.8566,0.8566,0.024300000000000002,场内买入,场内卖出,
2021-08-03,0.8363,0.8363,-0.0155,场内买入,场内卖出,
2021-08-02,0.8495,0.8495,0.0028000000000000004,场内买入,场内卖出,
2021-07-30,0.8471,0.8471,-0.0292,场内买入,场内卖出,
2021-07-29,0.8726,0.8726,0.0794,场内买入,场内卖出,
2021-07-28,0.8084,0.8084,0.033,场内买入,场内卖出,
2021-07-27,0.7826,0.7826,-0.0791,场内买入,场内卖出,
2021-07-26,0.8498,0.8498,-0.0621,场内买入,场内卖出,
2021-07-23,0.9061,0.9061,-0.0291,场内买入,场内卖出,
2021-07-22,0.9333,0.9333,0.018799999999999997,场内买入,场内卖出,
2021-07-21,0.9161,0.9161,-0.0017000000000000001,场内买入,场内卖出,
2021-07-20,0.9177,0.9177,-0.0109,场内买入,场内卖出,
2021-07-19,0.9278,0.9278,-0.0232,场内买入,场内卖出,
2021-07-16,0.9498,0.9498,-0.0052,场内买入,场内卖出,
2021-07-15,0.9548,0.9548,-0.0034999999999999996,场内买入,场内卖出,
2021-07-14,0.9582,0.9582,0.0018,场内买入,场内卖出,
2021-07-13,0.9565,0.9565,0.0187,场内买入,场内卖出,
2021-07-12,0.9389,0.9389,0.011399999999999999,场内买入,场内卖出,
2021-07-09,0.9283,0.9283,0.0151,场内买入,场内卖出,
2021-07-08,0.9145,0.9145,-0.0366,场内买入,场内卖出,
2021-07-07,0.9492,0.9492,-0.0032,场内买入,场内卖出,
2021-07-06,0.9522,0.9522,-0.0097,场内买入,场内卖出,
2021-07-05,0.9615,0.9615,-0.0226,场内买入,场内卖出,
2021-07-02,0.9837,0.9837,-0.031,场内买入,场内卖出,
2021-07-01,1.0152,1.0152,0.0018,暂停申购,暂停赎回,
2021-06-30,1.0134,1.0134,-0.0052,场内买入,场内卖出,
2021-06-29,1.0187,1.0187,-0.0092,场内买入,场内卖出,
2021-06-28,1.0282,1.0282,0.0023,场内买入,场内卖出,
2021-06-25,1.0258,1.0258,0.0226,场内买入,场内卖出,
2021-06-24,1.0031,1.0031,0.0058,场内买入,场内卖出,
2021-06-23,0.9973,0.9973,0.0255,场内买入,场内卖出,
2021-06-22,0.9725,0.9725,-0.0165,场内买入,场内卖出,
2021-06-21,0.9888,0.9888,-0.0073,场内买入,场内卖出,
2021-06-18,0.9961,0.9961,0.0182,场内买入,场内卖出,
2021-06-17,0.9783,0.9783,0.012,场内买入,场内卖出,
2021-06-16,0.9667,0.9667,-0.015700000000000002,场内买入,场内卖出,
2021-06-15,0.9821,0.9821,-0.0008,场内买入,场内卖出,
2021-06-11,0.9829,0.9829,0.0009,场内买入,场内卖出,
2021-06-10,0.982,0.982,-0.0004,场内买入,场内卖出,
2021-06-09,0.9824,0.9824,-0.0004,场内买入,场内卖出,
2021-06-08,0.9828,0.9828,-0.009000000000000001,场内买入,场内卖出,
2021-06-07,0.9917,0.9917,-0.0088,场内买入,场内卖出,
2021-06-04,1.0005,1.0005,-0.0033,场内买入,场内卖出,
2021-06-03,1.0038,1.0038,-0.0078000000000000005,场内买入,场内卖出,
2021-06-02,1.0117,1.0117,-0.0049,场内买入,场内卖出,
2021-06-01,1.0167,1.0167,0.0222,场内买入,场内卖出,
2021-05-31,0.9946,0.9946,0.0149,场内买入,场内卖出,
2021-05-28,0.98,0.98,-0.0209,场内买入,场内卖出,
2021-05-27,1.0009,1.0009,0.004699999999999999,场内买入,场内卖出,
2021-05-26,0.9962,0.9962,0.0,场内买入,场内卖出,
2021-05-21,0.9991,0.9991,-0.0009,场内买入,场内卖出,
2021-05-20,1.0,1.0,0.0,场内买入,场内卖出,
